0.750258 0.750258 0.750258 0.750258 0.750258 0.067
0.750258 0.750258 0.750258 0.750258 0.750343 0.078
0.750258 0.750258 0.750258 0.750258 0.750243 0.079
0.750258 0.750258 0.750258 0.750343 0.750243 0.08
0.750258 0.750258 0.750258 0.750243 0.750243 0.081
0.750258 0.750258 0.750343 0.750243 0.750134 0.082
0.750258 0.750258 0.750243 0.750243 0.750134 0.083
0.750258 0.750343 0.750243 0.750134 0.750134 0.084
0.750258 0.750243 0.750134 0.750134 0.750134 0.086
0.750343 0.750243 0.750134 0.750134 0.750134 0.088
0.750243 0.750134 0.750134 0.750134 0.750134 0.089
0.750403 0.750134 0.750134 0.750134 0.750134 0.093
0.750403 0.750134 0.750134 0.750134 0.749987 0.098
0.750403 0.750134 0.750134 0.750134 0.749793 0.099
0.750403 0.750134 0.750134 0.749987 0.749793 0.1
0.750403 0.750134 0.750134 0.749793 0.749793 0.101
0.750403 0.750134 0.749987 0.749793 0.749793 0.103
0.750403 0.750134 0.749793 0.749793 0.749793 0.104
0.750403 0.750298 0.749793 0.749793 0.749793 0.106
0.750403 0.750407 0.749793 0.749793 0.749793 0.107
0.750403 0.750407 0.749793 0.749793 0.749573 0.109
0.750652 0.750407 0.749793 0.749793 0.749299 0.11
0.750582 0.750407 0.749793 0.749793 0.749299 0.111
0.750582 0.750407 0.749793 0.749299 0.749299 0.112
0.750669 0.750407 0.749793 0.749299 0.749299 0.113
0.750669 0.750407 0.749299 0.749299 0.749299 0.115
0.750669 0.750407 0.749299 0.749299 0.748668 0.116
0.750669 0.750407 0.749727 0.749299 0.748668 0.117
0.750669 0.750482 0.749727 0.749299 0.748668 0.118
0.750669 0.750325 0.749727 0.748668 0.748668 0.119
0.750669 0.750325 0.750069 0.748668 0.747888 0.121
0.750669 0.750325 0.749587 0.748668 0.747888 0.122
0.750581 0.750581 0.749587 0.748668 0.747888 0.123
0.750581 0.750581 0.749587 0.74846 0.747441 0.124
0.750496 0.750338 0.749587 0.748048 0.747441 0.126
0.750496 0.750338 0.749358 0.748048 0.746975 0.127
0.750496 0.750338 0.749358 0.748048 0.747614 0.128
0.750496 0.750338 0.749358 0.748048 0.747734 0.129
0.750325 0.750338 0.749378 0.748651 0.748246 0.13
0.750338 0.749927 0.749378 0.749049 0.748246 0.131
0.750338 0.749927 0.749378 0.748679 0.748246 0.132
0.750338 0.749927 0.749378 0.748679 0.747843 0.133
0.750338 0.749659 0.749049 0.748679 0.746869 0.134
0.750338 0.749659 0.748679 0.748679 0.746869 0.135
0.750171 0.749659 0.748679 0.747843 0.746869 0.136
0.750171 0.74986 0.748679 0.746869 0.746869 0.137
0.750171 0.749606 0.748679 0.746869 0.746869 0.138
0.750021 0.749503 0.748679 0.746869 0.745781 0.139
0.750021 0.749503 0.747843 0.746869 0.745781 0.14
0.750021 0.74966 0.746869 0.746869 0.745781 0.141
0.750021 0.74966 0.747357 0.746859 0.745781 0.142
0.749843 0.74966 0.74777 0.74681 0.745781 0.143
0.749764 0.749186 0.74777 0.747213 0.744566 0.144
0.749503 0.748556 0.748108 0.747213 0.742533 0.145
0.749503 0.748669 0.747675 0.747213 0.742533 0.146
0.749503 0.748669 0.747542 0.747213 0.742533 0.147
0.749503 0.748669 0.747542 0.745032 0.743857 0.148
0.749503 0.748669 0.747798 0.744413 0.744413 0.149
0.749071 0.748415 0.74809 0.744413 0.743097 0.15
0.748669 0.74809 0.74809 0.744413 0.743097 0.151
0.748669 0.748127 0.746432 0.744413 0.743097 0.152
0.748556 0.74809 0.746142 0.744898 0.74364 0.153
0.748556 0.74809 0.746142 0.74364 0.742273 0.154
0.748556 0.74809 0.74628 0.74364 0.742273 0.155
0.748341 0.747469 0.74628 0.74452 0.741378 0.156
0.74809 0.74628 0.74628 0.74452 0.741378 0.157
0.747798 0.74628 0.745331 0.743665 0.740624 0.158
0.747542 0.746349 0.745331 0.742349 0.739849 0.16
0.747542 0.746349 0.745331 0.742349 0.739649 0.161
0.747542 0.746349 0.744259 0.741651 0.739649 0.162
0.74628 0.745466 0.744456 0.740929 0.739649 0.163
0.74628 0.745466 0.743319 0.741372 0.739649 0.164
0.74628 0.745466 0.743319 0.740653 0.738607 0.165
0.746142 0.745466 0.742706 0.740653 0.738607 0.166
0.746142 0.744456 0.742706 0.741404 0.739129 0.167
0.746142 0.744456 0.742067 0.741404 0.739129 0.168
0.745466 0.743512 0.74232 0.739987 0.73667 0.169
0.745466 0.743512 0.741685 0.739987 0.734907 0.17
0.745466 0.742929 0.741685 0.740323 0.733686 0.171
0.745466 0.742509 0.741685 0.736885 0.731798 0.173
0.744654 0.742635 0.740597 0.736885 0.732414 0.174
0.744654 0.742059 0.740597 0.735224 0.732041 0.175
0.743706 0.742059 0.740597 0.733474 0.732041 0.176
0.743706 0.742153 0.740811 0.733474 0.732041 0.177
0.743216 0.742153 0.737232 0.733474 0.732041 0.178
0.743216 0.740964 0.737232 0.733034 0.730683 0.179
0.742635 0.740964 0.735621 0.733034 0.727704 0.18
0.742059 0.740964 0.733919 0.733446 0.726672 0.181
0.742059 0.740964 0.734308 0.733446 0.726672 0.182
0.742059 0.739159 0.734308 0.733446 0.726672 0.183
0.742059 0.737753 0.733446 0.728806 0.726672 0.184
0.741903 0.736471 0.733446 0.727816 0.725189 0.185
0.740964 0.736471 0.733446 0.727816 0.725189 0.186
0.740964 0.734919 0.733446 0.727816 0.725189 0.187
0.740964 0.734544 0.728806 0.725775 0.725189 0.189
0.739813 0.734544 0.727816 0.725775 0.725189 0.19
0.738041 0.734544 0.727816 0.725775 0.725189 0.191
0.73681 0.734544 0.727816 0.725775 0.725189 0.193
0.735472 0.732111 0.725775 0.725775 0.723652 0.194
0.735472 0.730373 0.725775 0.725775 0.722572 0.195
0.735472 0.729471 0.725775 0.725775 0.722572 0.196
0.734763 0.729471 0.725775 0.725775 0.721468 0.197
0.734763 0.729754 0.725775 0.723652 0.721468 0.198
0.734763 0.727929 0.725775 0.722572 0.720342 0.2
0.734763 0.727929 0.725775 0.721468 0.720342 0.201
0.732588 0.727929 0.726308 0.721468 0.718046 0.202
0.730166 0.727929 0.726308 0.722081 0.718046 0.203
0.730166 0.727929 0.724227 0.720973 0.718046 0.204
0.730166 0.727929 0.723165 0.720973 0.718046 0.205
0.730294 0.727929 0.723165 0.718713 0.715688 0.206
0.730294 0.727929 0.722081 0.719332 0.715688 0.207
0.72861 0.728207 0.722081 0.719332 0.715688 0.208
0.72861 0.728207 0.722081 0.719332 0.714485 0.209
0.728736 0.726337 0.721555 0.717045 0.714485 0.21
0.728736 0.725379 0.721555 0.717045 0.714485 0.211
0.728736 0.725379 0.719332 0.717045 0.712025 0.212
0.728736 0.724711 0.719332 0.717045 0.711547 0.213
0.728736 0.724978 0.719332 0.715876 0.711547 0.214
0.728736 0.724012 0.717045 0.713485 0.711547 0.216
0.728736 0.724012 0.717045 0.71227 0.711547 0.217
0.727127 0.722027 0.717045 0.71227 0.711547 0.218
0.727127 0.722027 0.717045 0.712945 0.710295 0.219
0.72626 0.722027 0.715876 0.712945 0.710295 0.22
0.725557 0.722027 0.715876 0.712945 0.710295 0.221
0.725583 0.722027 0.713485 0.712945 0.710295 0.222
0.725583 0.71997 0.713574 0.712945 0.710295 0.223
0.72473 0.720292 0.713574 0.711727 0.710295 0.224
0.72473 0.720292 0.713574 0.711727 0.708528 0.225
0.723014 0.719256 0.713574 0.711727 0.708528 0.227
0.723014 0.719256 0.714155 0.711727 0.705962 0.228
0.723014 0.717455 0.714155 0.711727 0.705962 0.229
0.723014 0.716384 0.714155 0.709252 0.704654 0.23
0.723014 0.716384 0.712972 0.709252 0.705424 0.231
0.721213 0.716384 0.712972 0.709252 0.705424 0.232
0.721213 0.716384 0.712972 0.70809 0.705424 0.233
0.721213 0.716384 0.712972 0.70809 0.704121 0.234
0.721213 0.716384 0.712972 0.706829 0.704121 0.235
0.72035 0.716384 0.711151 0.706829 0.702799 0.236
0.72035 0.715289 0.711695 0.706829 0.703555 0.237
0.718528 0.715289 0.711695 0.706829 0.703555 0.238
0.717623 0.716146 0.709288 0.705556 0.703555 0.239
0.717623 0.716146 0.709288 0.705556 0.703555 0.241
0.717623 0.716146 0.708058 0.704266 0.699574 0.242
0.717623 0.714027 0.708058 0.704266 0.696849 0.243
0.717623 0.714027 0.708058 0.704932 0.694277 0.245
0.717623 0.714027 0.707383 0.704932 0.695018 0.246
0.71667 0.711834 0.707383 0.702348 0.695716 0.247
0.71667 0.711834 0.706676 0.69907 0.695716 0.248
0.71667 0.710708 0.706676 0.69907 0.694357 0.249
0.716495 0.710708 0.706676 0.697068 0.692987 0.25
0.716495 0.710708 0.707173 0.696375 0.692987 0.251
0.716495 0.710708 0.707173 0.696375 0.690199 0.252
0.714607 0.709568 0.708408 0.696375 0.690199 0.253
0.714027 0.709568 0.706049 0.695028 0.690199 0.254
0.714027 0.709568 0.702394 0.693673 0.690199 0.255
0.71234 0.708736 0.702394 0.693673 0.690912 0.256
0.71234 0.709023 0.699886 0.693673 0.690912 0.257
0.71234 0.709023 0.698609 0.691585 0.690912 0.258
0.711251 0.70927 0.698609 0.691585 0.690912 0.259
0.711 0.70927 0.698609 0.691585 0.690912 0.26
0.711 0.709474 0.697794 0.691585 0.68811 0.261
0.711 0.706127 0.69651 0.691585 0.688075 0.262
0.710148 0.703806 0.69651 0.69222 0.688075 0.263
0.710148 0.701715 0.693889 0.69222 0.688075 0.265
0.70927 0.700517 0.693889 0.692813 0.684502 0.266
0.70927 0.700517 0.694369 0.690091 0.684502 0.267
0.70927 0.701011 0.694369 0.689308 0.684502 0.268
0.709023 0.700209 0.694369 0.689869 0.684502 0.269
0.709023 0.699202 0.694369 0.689869 0.684502 0.27
0.709023 0.699202 0.694813 0.690391 0.682301 0.271
0.707256 0.699202 0.694813 0.686302 0.682301 0.272
0.704274 0.696867 0.694813 0.686302 0.680871 0.273
0.704274 0.696867 0.692637 0.686302 0.680871 0.274
0.702346 0.697013 0.692637 0.686828 0.680871 0.275
0.701351 0.697013 0.691326 0.686828 0.681507 0.276
0.701011 0.697013 0.691326 0.684066 0.680075 0.277
0.701011 0.697013 0.691326 0.684584 0.680688 0.278
0.700782 0.697013 0.691326 0.683203 0.680688 0.279
0.699306 0.697013 0.688192 0.683203 0.679253 0.28
0.698383 0.697122 0.688192 0.683203 0.679253 0.281
0.698083 0.694798 0.688192 0.683203 0.678414 0.282
0.697747 0.694798 0.688192 0.682315 0.678981 0.283
0.695914 0.69361 0.688575 0.682315 0.677557 0.284
0.695914 0.69361 0.686298 0.683227 0.677557 0.285
0.695914 0.693734 0.686298 0.683631 0.678613 0.286
0.695914 0.693734 0.684972 0.683321 0.678613 0.287
0.695914 0.690135 0.684972 0.683321 0.677198 0.288
0.695914 0.690135 0.684972 0.681995 0.677198 0.289
0.695914 0.690274 0.685329 0.681995 0.67577 0.29
0.695914 0.690274 0.684336 0.680662 0.674341 0.291
0.695584 0.690378 0.684336 0.680972 0.674341 0.292
0.695584 0.687966 0.684637 0.680972 0.672891 0.293
0.693396 0.687966 0.684905 0.679637 0.671973 0.294
0.692453 0.687966 0.683852 0.679637 0.671039 0.295
0.692453 0.686862 0.683852 0.679927 0.671039 0.296
0.692453 0.686999 0.682785 0.678861 0.671523 0.297
0.692453 0.686999 0.682785 0.677536 0.671977 0.298
0.692114 0.68584 0.681704 0.677536 0.671977 0.299
0.688575 0.68584 0.681884 0.676455 0.670547 0.3
0.688192 0.68584 0.681884 0.675111 0.67098 0.301
0.687319 0.685806 0.68203 0.673761 0.67175 0.302
0.686302 0.685738 0.680766 0.673761 0.67175 0.303
0.686302 0.684512 0.680766 0.674023 0.670695 0.304
0.684066 0.684512 0.679484 0.674023 0.670695 0.305
0.682301 0.683374 0.678201 0.674023 0.670695 0.306
0.680871 0.683276 0.67836 0.672671 0.671015 0.307
0.680871 0.682143 0.677068 0.672915 0.668231 0.308
0.680871 0.68203 0.675767 0.672915 0.668231 0.309
0.680196 0.68203 0.674456 0.672915 0.668231 0.31
0.679425 0.68203 0.674456 0.671562 0.668231 0.311
0.679425 0.680766 0.674625 0.671562 0.668231 0.312
0.678739 0.679484 0.674625 0.671562 0.668545 0.314
0.678017 0.678011 0.673467 0.66883 0.66883 0.315
0.677267 0.678011 0.673467 0.66883 0.66883 0.316
0.676534 0.676894 0.673467 0.66883 0.667445 0.317
0.675047 0.676894 0.673467 0.66883 0.667445 0.318
0.675047 0.674456 0.673467 0.66883 0.667445 0.319
0.673553 0.674456 0.672153 0.66883 0.667445 0.32
0.673553 0.674456 0.672153 0.66883 0.666047 0.322
0.672045 0.673313 0.669501 0.66883 0.664643 0.324
0.672045 0.673313 0.669501 0.667445 0.664643 0.325
0.672045 0.673313 0.669501 0.667445 0.658918 0.326
0.671301 0.673313 0.669665 0.667445 0.658918 0.327
0.668178 0.672915 0.669665 0.667713 0.659257 0.328
0.668178 0.671789 0.669797 0.666576 0.654896 0.329
0.667465 0.671789 0.669797 0.666576 0.654896 0.33
0.665921 0.671789 0.669797 0.66543 0.654896 0.331
0.665192 0.671789 0.669797 0.66543 0.654896 0.332
0.665192 0.671789 0.669797 0.65985 0.654896 0.333
0.665192 0.669501 0.66848 0.65985 0.653428 0.334
0.665192 0.669501 0.66848 0.655555 0.653428 0.336
0.663642 0.669501 0.66848 0.655555 0.652957 0.337
0.663642 0.669501 0.667146 0.655555 0.652957 0.338
0.662813 0.669307 0.667146 0.655555 0.650036 0.339
0.662813 0.669307 0.667278 0.655555 0.650036 0.34
0.662813 0.669307 0.666067 0.654111 0.650036 0.341
0.66208 0.66883 0.664737 0.65468 0.650036 0.342
0.661241 0.668545 0.660832 0.65468 0.650036 0.343
0.661241 0.667149 0.660832 0.653239 0.650036 0.344
0.661241 0.667149 0.661028 0.653239 0.65062 0.345
0.661241 0.667149 0.657089 0.653239 0.65062 0.346
0.659768 0.667149 0.657158 0.650342 0.65062 0.347
0.659768 0.6654 0.657158 0.650342 0.650871 0.348
0.659768 0.6654 0.657158 0.650342 0.649431 0.349
0.658943 0.665031 0.657158 0.650871 0.648232 0.35
0.658943 0.663971 0.655821 0.651097 0.648453 0.351
0.658082 0.663179 0.655875 0.651097 0.648453 0.352
0.656259 0.658552 0.655875 0.651097 0.648647 0.353
0.656259 0.658552 0.654574 0.651297 0.647216 0.354
0.656259 0.658552 0.654574 0.651614 0.647397 0.355
0.653259 0.654896 0.653268 0.650219 0.647397 0.356
0.651622 0.654522 0.651929 0.650219 0.647397 0.357
0.651622 0.654522 0.651929 0.648961 0.647553 0.358
0.651622 0.654522 0.651929 0.649078 0.647553 0.359
0.651622 0.654522 0.651824 0.649169 0.647553 0.36
0.651622 0.653428 0.651733 0.649169 0.647681 0.361
0.651029 0.653428 0.651614 0.647862 0.644871 0.362
0.651029 0.653428 0.651614 0.647914 0.643452 0.363
0.651029 0.652308 0.651297 0.647914 0.642022 0.364
0.650415 0.651942 0.651297 0.647939 0.640748 0.365
0.649388 0.651942 0.650061 0.647939 0.640748 0.366
0.646786 0.649703 0.650061 0.647914 0.640748 0.367
0.646786 0.649703 0.648647 0.647914 0.640882 0.368
0.645828 0.649703 0.648647 0.647786 0.639458 0.369
0.6437 0.649703 0.648647 0.6451 0.639458 0.37
0.642784 0.649343 0.648647 0.645 0.639458 0.371
0.642784 0.649343 0.647397 0.642397 0.63958 0.372
0.642784 0.649343 0.647216 0.64108 0.638264 0.373
0.641836 0.648955 0.647216 0.64108 0.638264 0.374
0.640179 0.648955 0.647012 0.64108 0.633977 0.375
0.640179 0.648097 0.647012 0.64108 0.633977 0.376
0.640179 0.646091 0.646519 0.639677 0.633977 0.377
0.640179 0.643888 0.646519 0.63958 0.634097 0.378
0.638507 0.642912 0.645584 0.63958 0.634191 0.379
0.63751 0.642309 0.64443 0.639458 0.632768 0.38
0.635834 0.641021 0.643267 0.638023 0.631334 0.381
0.634142 0.641021 0.640896 0.638023 0.629889 0.382
0.634142 0.641021 0.640896 0.635417 0.627205 0.383
0.634142 0.639409 0.639692 0.634097 0.627205 0.384
0.634142 0.639409 0.639094 0.634097 0.627342 0.385
0.634142 0.639409 0.638757 0.633977 0.627385 0.387
0.634142 0.639409 0.637584 0.632662 0.625989 0.388
0.634142 0.638712 0.637237 0.631334 0.625989 0.39
0.634142 0.637795 0.637237 0.629994 0.625989 0.391
0.632451 0.636177 0.636065 0.627103 0.624575 0.392
0.631397 0.634552 0.636065 0.627103 0.62318 0.393
0.630757 0.632186 0.632164 0.627103 0.623157 0.394
0.630757 0.630541 0.632164 0.625765 0.623157 0.396
0.629695 0.630541 0.632164 0.625765 0.623157 0.397
0.629695 0.629775 0.632164 0.625765 0.623157 0.398
0.627979 0.628115 0.630636 0.625765 0.623157 0.399
0.62574 0.628115 0.629102 0.624408 0.623157 0.401
0.62574 0.628115 0.627897 0.623046 0.623157 0.402
0.62457 0.628115 0.625452 0.623046 0.623157 0.403
0.62457 0.62723 0.625452 0.623046 0.621763 0.404
0.62457 0.626446 0.62514 0.622956 0.621763 0.405
0.623365 0.622222 0.62514 0.622956 0.617527 0.406
0.621094 0.622222 0.6236 0.622845 0.616108 0.407
0.617596 0.622222 0.6236 0.622845 0.614658 0.409
0.616361 0.622222 0.623257 0.622845 0.614658 0.41
0.61584 0.62133 0.623257 0.622845 0.614616 0.411
0.61584 0.62133 0.621695 0.622845 0.610384 0.412
0.614602 0.619653 0.621695 0.621496 0.60608 0.413
0.614602 0.618741 0.620491 0.621496 0.604632 0.414
0.614081 0.616865 0.620491 0.617396 0.604642 0.415
0.614081 0.616865 0.619745 0.615722 0.604642 0.416
0.614081 0.61613 0.619745 0.615722 0.604642 0.417
0.614081 0.61613 0.619336 0.614234 0.603197 0.418
0.614081 0.615193 0.618904 0.614234 0.603197 0.419
0.612315 0.614454 0.618904 0.614234 0.603197 0.42
0.612315 0.614454 0.618904 0.614234 0.601743 0.421
0.610607 0.612073 0.618904 0.605877 0.601743 0.422
0.610607 0.61035 0.617466 0.605877 0.601743 0.423
0.609439 0.61035 0.61694 0.604391 0.601743 0.424
0.609439 0.608625 0.615844 0.604391 0.601743 0.425
0.609439 0.60779 0.614733 0.604391 0.601753 0.426
0.606939 0.605981 0.611991 0.604391 0.601753 0.427
0.606939 0.605981 0.610857 0.602896 0.601753 0.428
0.606601 0.605981 0.610857 0.602896 0.601753 0.429
0.606268 0.605981 0.609711 0.601503 0.601753 0.43
0.605124 0.605981 0.609711 0.601395 0.601753 0.431
0.605124 0.605036 0.609711 0.601395 0.601753 0.432
0.605386 0.605036 0.607379 0.601395 0.601753 0.433
0.605386 0.605036 0.60258 0.601395 0.601753 0.434
0.605386 0.603058 0.601352 0.601395 0.601743 0.435
0.605081 0.603058 0.600973 0.601395 0.601713 0.436
0.605326 0.60178 0.600573 0.601266 0.600281 0.437
0.605326 0.602927 0.600573 0.601117 0.598842 0.438
0.605326 0.602253 0.599362 0.601117 0.597399 0.439
0.605552 0.600111 0.599362 0.600758 0.597399 0.44
0.605025 0.600554 0.599362 0.600319 0.597378 0.441
0.605466 0.600554 0.598139 0.600319 0.597281 0.442
0.605189 0.599819 0.597329 0.600319 0.597281 0.443
0.605189 0.599819 0.596892 0.600069 0.597281 0.444
0.605189 0.599819 0.596435 0.600069 0.597202 0.445
0.60538 0.597498 0.596435 0.598501 0.597107 0.446
0.60538 0.595009 0.596435 0.597192 0.597107 0.447
0.605691 0.594146 0.595953 0.597192 0.597107 0.448
0.605811 0.594146 0.595454 0.595879 0.596991 0.449
0.605811 0.594146 0.594931 0.595879 0.596991 0.45
0.605811 0.59474 0.594931 0.595624 0.596855 0.452
0.605811 0.595072 0.594385 0.595624 0.59395 0.453
0.605437 0.595644 0.594385 0.595351 0.59395 0.454
0.605561 0.594824 0.594385 0.595351 0.593797 0.455
0.605188 0.595403 0.594385 0.595351 0.593797 0.456
0.604368 0.595966 0.594385 0.594408 0.592422 0.457
0.603914 0.596514 0.594385 0.594408 0.591041 0.458
0.603914 0.596514 0.593266 0.593678 0.591041 0.459
0.603434 0.596514 0.592133 0.593678 0.591041 0.46
0.603434 0.596514 0.589358 0.593281 0.590719 0.461
0.603679 0.596514 0.589358 0.592867 0.587414 0.462
0.603902 0.596514 0.589358 0.590432 0.587414 0.463
0.602556 0.596514 0.588772 0.590432 0.587414 0.464
0.601869 0.596514 0.588772 0.590432 0.587414 0.465
0.601355 0.596514 0.586879 0.590432 0.587414 0.466
0.601681 0.596514 0.586879 0.588384 0.587414 0.467
0.601982 0.597044 0.58742 0.587948 0.587414 0.468
0.60252 0.597044 0.58742 0.586302 0.585853 0.469
0.602591 0.598055 0.588147 0.585352 0.584503 0.47
0.602803 0.598055 0.588864 0.585352 0.584503 0.471
0.602803 0.598055 0.590261 0.582996 0.584503 0.472
0.602436 0.597847 0.590261 0.582515 0.584503 0.473
0.602436 0.598134 0.590941 0.582515 0.584503 0.474
0.602436 0.598428 0.590941 0.581499 0.583144 0.475
0.602436 0.598428 0.58978 0.581499 0.583144 0.476
0.60265 0.598428 0.58978 0.581499 0.582459 0.477
0.60265 0.598428 0.590469 0.581499 0.581132 0.478
0.60265 0.599316 0.59181 0.580351 0.580876 0.479
0.60265 0.599316 0.5916 0.580351 0.579547 0.48
0.60265 0.599316 0.593524 0.579186 0.579547 0.481
0.60265 0.599733 0.592705 0.578143 0.579547 0.482
0.602839 0.600123 0.593334 0.578143 0.579547 0.483
0.603003 0.600123 0.593334 0.578143 0.579547 0.484
0.603003 0.600123 0.59234 0.578067 0.579547 0.485
0.603003 0.600123 0.59234 0.577816 0.579283 0.486
0.603003 0.600123 0.592979 0.577816 0.579283 0.487
0.603003 0.600498 0.593605 0.576691 0.579283 0.488
0.603243 0.600847 0.593605 0.576691 0.579283 0.489
0.603321 0.600898 0.593605 0.576691 0.579283 0.49
0.603115 0.600898 0.593605 0.576451 0.579283 0.491
0.602994 0.600898 0.593605 0.576451 0.577693 0.492
0.602994 0.600898 0.592819 0.576451 0.577693 0.493
0.602764 0.600434 0.592011 0.577342 0.577403 0.494
0.602764 0.599944 0.592011 0.577342 0.577403 0.496
0.602764 0.599944 0.593299 0.577342 0.577403 0.498
0.602764 0.599944 0.593299 0.577342 0.577098 0.499
0.602764 0.598892 0.592514 0.577342 0.576775 0.5
0.602975 0.598892 0.592514 0.577342 0.575484 0.501
0.602975 0.599313 0.591716 0.577342 0.575154 0.502
0.603035 0.599313 0.591716 0.577124 0.575154 0.503
0.603035 0.599313 0.591575 0.578011 0.57225 0.505
0.603035 0.599313 0.591575 0.578011 0.571907 0.507
0.603035 0.598784 0.591575 0.578011 0.571907 0.508
0.603035 0.598227 0.592243 0.578892 0.571907 0.509
0.602677 0.598674 0.592243 0.578892 0.571541 0.51
0.602776 0.598674 0.592243 0.579764 0.571541 0.511
0.602776 0.598674 0.592243 0.579764 0.57116 0.512
0.602776 0.598674 0.592243 0.579563 0.57116 0.513
0.602586 0.599102 0.592243 0.579563 0.57116 0.514
0.602685 0.598573 0.592243 0.579563 0.569522 0.515
0.602497 0.598573 0.592889 0.578496 0.569116 0.516
0.602497 0.598485 0.592118 0.577411 0.569116 0.517
0.602497 0.598485 0.592118 0.577411 0.567461 0.519
0.602031 0.597937 0.592118 0.578308 0.56623 0.52
0.602031 0.597937 0.592118 0.579194 0.566287 0.521
0.602205 0.5984 0.592118 0.580072 0.566287 0.522
0.602205 0.5984 0.592118 0.580072 0.567289 0.523
0.602459 0.5984 0.592118 0.580939 0.567289 0.524
0.602459 0.5984 0.594033 0.580939 0.567289 0.525
0.602459 0.5984 0.594033 0.579909 0.568285 0.526
0.602541 0.5984 0.593926 0.579909 0.567076 0.527
0.602401 0.598839 0.594534 0.581645 0.567076 0.528
0.602224 0.598839 0.595693 0.581645 0.567076 0.529
0.602224 0.598839 0.595693 0.580629 0.565664 0.53
0.602224 0.598839 0.594358 0.580629 0.565664 0.531
0.602224 0.598324 0.594956 0.580487 0.564443 0.532
0.602171 0.598773 0.594956 0.580487 0.564443 0.535
0.602171 0.599597 0.594956 0.580487 0.565476 0.536
0.601972 0.599597 0.594956 0.58136 0.564259 0.537
0.601972 0.599597 0.595535 0.583068 0.564081 0.538
0.601972 0.59997 0.596097 0.582093 0.565123 0.539
0.60213 0.600325 0.596097 0.582093 0.565123 0.54
0.601929 0.600325 0.596583 0.582093 0.566162 0.541
0.601929 0.600325 0.596583 0.580108 0.566162 0.542
0.601929 0.600272 0.597107 0.580108 0.566162 0.543
0.602091 0.600272 0.598092 0.58 0.566162 0.544
0.602091 0.600272 0.597563 0.58177 0.566162 0.545
0.602091 0.600231 0.597563 0.58177 0.563762 0.546
0.602225 0.600846 0.597016 0.58177 0.563762 0.547
0.602225 0.600846 0.597531 0.584339 0.56896 0.548
0.602323 0.600846 0.597531 0.583414 0.56896 0.549
0.602323 0.600846 0.597531 0.582474 0.56896 0.55
0.602437 0.600846 0.59802 0.582474 0.570988 0.552
0.602418 0.600846 0.59802 0.582474 0.571986 0.553
0.602418 0.600846 0.597991 0.584193 0.571986 0.554
0.602418 0.600846 0.597991 0.586671 0.571986 0.555
0.602424 0.60051 0.597462 0.587467 0.571986 0.557
0.6024 0.600829 0.597462 0.588212 0.571986 0.558
0.6024 0.600829 0.59796 0.587389 0.570878 0.559
0.6024 0.601121 0.59796 0.589723 0.570878 0.56
0.602337 0.600814 0.59796 0.589723 0.571783 0.561
0.602243 0.600806 0.598907 0.589723 0.571783 0.563
0.602337 0.600806 0.599341 0.59191 0.571783 0.564
0.602337 0.600806 0.598934 0.59191 0.572785 0.565
0.602337 0.600806 0.599798 0.59191 0.574762 0.567
0.6024 0.600806 0.600192 0.59191 0.575733 0.568
0.602424 0.600806 0.600192 0.59191 0.577648 0.569
0.602424 0.600806 0.600192 0.59191 0.577648 0.57
0.602424 0.600806 0.600566 0.59119 0.577648 0.572
0.602424 0.600814 0.600566 0.59119 0.578592 0.573
0.602424 0.600491 0.599871 0.590451 0.579522 0.574
0.602424 0.600491 0.599871 0.590451 0.580443 0.575
0.602424 0.600143 0.599871 0.59119 0.580443 0.576
0.602424 0.60051 0.599871 0.59119 0.58135 0.578
0.602418 0.600846 0.599871 0.59119 0.582244 0.579
0.602418 0.601443 0.599871 0.59119 0.582244 0.58
0.602418 0.60148 0.599871 0.59191 0.582244 0.581
0.602437 0.60123 0.599871 0.59191 0.582244 0.582
0.602457 0.60123 0.599871 0.592612 0.582244 0.583
0.602457 0.60123 0.599871 0.592612 0.583129 0.584
0.602458 0.60123 0.599871 0.592612 0.584853 0.585
0.602458 0.601519 0.599871 0.592612 0.584853 0.586
0.602458 0.601519 0.599871 0.593297 0.584853 0.587
0.602483 0.601519 0.599917 0.594616 0.584853 0.588
0.602479 0.601519 0.599917 0.594616 0.584853 0.589
0.602479 0.601519 0.599534 0.594616 0.584853 0.59
0.602479 0.601329 0.599534 0.594616 0.584853 0.591
0.602516 0.601329 0.599534 0.594616 0.585665 0.593
0.602516 0.601329 0.59997 0.594616 0.585665 0.595
0.602569 0.601329 0.59997 0.594616 0.585665 0.596
0.602569 0.601329 0.600377 0.595246 0.58733 0.597
0.602614 0.601624 0.600764 0.595246 0.588139 0.598
0.602661 0.601624 0.601119 0.595858 0.588139 0.6
0.602632 0.601624 0.601119 0.595858 0.588929 0.601
0.602467 0.601896 0.601119 0.595858 0.588929 0.603
0.602638 0.601896 0.601119 0.595858 0.588929 0.604
0.602773 0.601964 0.602031 0.596445 0.588144 0.605
0.602773 0.601964 0.602031 0.595314 0.588144 0.606
0.602773 0.601758 0.602031 0.595314 0.58734 0.607
0.602773 0.601758 0.602031 0.595314 0.588159 0.608
0.602773 0.602031 0.602031 0.595314 0.588159 0.61
0.602712 0.602031 0.602031 0.595314 0.587364 0.611
0.602612 0.602031 0.602031 0.595314 0.587364 0.612
0.602792 0.602031 0.602031 0.595314 0.587364 0.614
0.602935 0.602031 0.602279 0.595314 0.587364 0.615
0.602935 0.602279 0.602279 0.595314 0.587364 0.616
0.602883 0.602497 0.602279 0.595314 0.588986 0.617
0.602883 0.602497 0.602279 0.594719 0.589775 0.618
0.602883 0.602685 0.602279 0.594719 0.589775 0.619
0.602793 0.602685 0.602279 0.594719 0.589775 0.62
0.602793 0.602685 0.602279 0.5941 0.589775 0.621
0.602793 0.602685 0.602279 0.5941 0.58902 0.622
0.602793 0.602685 0.601917 0.5941 0.58902 0.623
0.602664 0.60284 0.601917 0.594157 0.58902 0.625
0.602494 0.60284 0.601917 0.594157 0.588251 0.626
0.602494 0.60284 0.601917 0.594157 0.587467 0.627
0.602766 0.60284 0.6022 0.594822 0.588299 0.629
0.602995 0.60284 0.6022 0.594822 0.589115 0.631
0.602869 0.60284 0.6022 0.595472 0.589115 0.634
0.602869 0.60284 0.602008 0.595535 0.58758 0.636
0.602869 0.60284 0.601786 0.595535 0.58758 0.638
0.602869 0.60284 0.602103 0.595535 0.58842 0.639
0.602869 0.60284 0.602103 0.595612 0.589244 0.64
0.602869 0.602677 0.602103 0.595038 0.588493 0.641
0.602869 0.602677 0.60189 0.595038 0.588493 0.643
0.602869 0.602677 0.60189 0.595038 0.589316 0.645
0.602869 0.602677 0.60189 0.595693 0.589316 0.646
0.602869 0.602677 0.602208 0.595693 0.589316 0.649
0.602869 0.602677 0.602208 0.595125 0.590921 0.65
0.602869 0.602677 0.602208 0.594534 0.590921 0.651
0.602869 0.602677 0.602208 0.594534 0.5917 0.653
0.602869 0.602677 0.601996 0.594534 0.59031 0.654
0.602869 0.602549 0.601996 0.593926 0.59031 0.655
0.602869 0.60278 0.601996 0.593926 0.59031 0.656
0.602869 0.602654 0.601996 0.593926 0.59031 0.657
0.602869 0.602654 0.601759 0.593926 0.58959 0.658
0.602869 0.602654 0.601497 0.593926 0.58959 0.659
0.602869 0.602504 0.601884 0.593926 0.58959 0.662
0.602869 0.602504 0.601884 0.595989 0.590409 0.663
0.602869 0.602504 0.602563 0.595989 0.590409 0.664
0.603305 0.602504 0.602563 0.596634 0.590409 0.666
0.603228 0.602504 0.602563 0.596634 0.591216 0.667
0.603228 0.602504 0.602141 0.595546 0.591216 0.669
0.603228 0.602764 0.602141 0.595546 0.591216 0.671
0.603228 0.602764 0.602141 0.595546 0.592001 0.672
0.603228 0.602615 0.602141 0.596351 0.592001 0.673
0.603228 0.602877 0.601892 0.596351 0.592774 0.674
0.603228 0.602877 0.601892 0.596351 0.592889 0.676
0.603106 0.602733 0.601892 0.597004 0.593648 0.677
0.603106 0.602563 0.601892 0.597004 0.595103 0.678
0.603349 0.602563 0.602285 0.597004 0.595103 0.681
0.603349 0.602865 0.602285 0.597004 0.595805 0.682
0.603552 0.603137 0.602285 0.598257 0.595805 0.683
0.603478 0.603137 0.602285 0.598257 0.596481 0.684
0.603478 0.603137 0.602285 0.598851 0.595944 0.686
0.603478 0.603137 0.602285 0.599974 0.595944 0.687
0.60369 0.603003 0.601769 0.599974 0.595944 0.688
0.60369 0.603145 0.602194 0.600498 0.595944 0.689
0.60369 0.603145 0.601928 0.600649 0.596628 0.692
0.60369 0.603295 0.601928 0.600649 0.596628 0.694
0.603617 0.603572 0.601928 0.600649 0.596628 0.695
0.603505 0.603572 0.601928 0.600649 0.596628 0.696
0.603505 0.603825 0.601928 0.601155 0.596628 0.698
0.603505 0.603825 0.602355 0.601155 0.596628 0.699
0.603759 0.603825 0.602355 0.601155 0.596628 0.7
0.603759 0.603825 0.602355 0.601326 0.596776 0.701
0.603759 0.603825 0.602754 0.601326 0.597442 0.702
0.603759 0.603825 0.602754 0.601326 0.598258 0.703
0.603977 0.60404 0.602754 0.601326 0.597779 0.704
0.60416 0.60404 0.602754 0.601326 0.597779 0.705
0.60416 0.60404 0.603786 0.601809 0.597779 0.707
0.60416 0.603899 0.603786 0.602266 0.597779 0.709
0.60416 0.603899 0.603642 0.602266 0.597779 0.711
0.60416 0.60433 0.603963 0.602266 0.597779 0.712
0.60416 0.604556 0.603963 0.602266 0.598428 0.713
0.60431 0.604556 0.603963 0.602696 0.598428 0.715
0.604422 0.604556 0.603963 0.602441 0.598428 0.716
0.604476 0.604753 0.604252 0.602441 0.598428 0.717
0.604492 0.604753 0.604252 0.602167 0.597952 0.719
0.604492 0.604753 0.604252 0.601869 0.597952 0.72
0.604648 0.604753 0.604151 0.601869 0.597952 0.721
0.604666 0.604918 0.604151 0.601869 0.597952 0.723
0.604587 0.605048 0.604151 0.601869 0.59642 0.725
0.604587 0.605048 0.604151 0.602362 0.59642 0.728
0.604493 0.605107 0.604151 0.602362 0.597142 0.732
0.604493 0.605107 0.604151 0.602066 0.597847 0.735
0.605018 0.605107 0.604339 0.602066 0.598531 0.736
0.605018 0.605238 0.604339 0.602556 0.598742 0.738
0.604967 0.605238 0.604545 0.602556 0.599407 0.739
0.604967 0.605238 0.604423 0.602556 0.599624 0.74
0.605215 0.605238 0.604423 0.602175 0.599624 0.741
0.605165 0.605238 0.604423 0.602175 0.599624 0.742
0.605165 0.605308 0.604423 0.602175 0.599624 0.743
0.605165 0.605308 0.604423 0.6027 0.599178 0.744
0.605165 0.605308 0.604423 0.6032 0.599178 0.746
0.605165 0.605308 0.604754 0.6032 0.599178 0.747
0.605165 0.605308 0.604754 0.6032 0.599852 0.749
0.605165 0.60544 0.605055 0.6032 0.599414 0.75
0.605165 0.60544 0.605055 0.6032 0.600736 0.752
0.605165 0.60544 0.605055 0.603434 0.600736 0.755
0.605165 0.605608 0.605269 0.603914 0.600736 0.756
0.605165 0.605608 0.605539 0.603673 0.600327 0.757
0.605165 0.605816 0.605539 0.603673 0.60098 0.759
0.605415 0.605969 0.605539 0.603408 0.602225 0.761
0.605415 0.606086 0.605656 0.603408 0.602225 0.762
0.605415 0.606086 0.605656 0.603917 0.602225 0.763
0.605415 0.606086 0.605656 0.603917 0.602813 0.764
0.605415 0.606086 0.605656 0.604399 0.602813 0.765
0.605415 0.606086 0.605966 0.604169 0.602486 0.767
0.605415 0.606086 0.605966 0.604653 0.602486 0.769
0.605415 0.606086 0.605966 0.605548 0.602486 0.771
0.605636 0.606086 0.605966 0.605953 0.602486 0.772
0.605636 0.606086 0.605966 0.605953 0.603075 0.774
0.605636 0.606086 0.606214 0.605814 0.603075 0.775
0.605636 0.606086 0.606499 0.605814 0.602753 0.776
0.605636 0.606169 0.606471 0.606225 0.603343 0.778
0.605636 0.606169 0.606471 0.6066 0.603028 0.779
0.605632 0.606169 0.606415 0.6066 0.603028 0.782
0.605632 0.606223 0.606415 0.6065 0.60362 0.784
0.605632 0.606245 0.606415 0.6065 0.60362 0.785
0.605632 0.606245 0.606727 0.6065 0.60362 0.786
0.605632 0.606245 0.606727 0.606887 0.60362 0.787
0.605851 0.606245 0.606678 0.606887 0.604193 0.788
0.606042 0.606245 0.606678 0.606887 0.604739 0.791
0.606196 0.606245 0.606678 0.606887 0.604478 0.792
0.606196 0.606497 0.606678 0.606887 0.604197 0.793
0.606196 0.606497 0.606678 0.607173 0.604197 0.794
0.606196 0.606709 0.6066 0.607084 0.604197 0.796
0.606196 0.606746 0.6066 0.607084 0.603578 0.799
0.606196 0.606971 0.6066 0.607084 0.603578 0.8
0.606196 0.60701 0.6066 0.607084 0.603578 0.802
0.606196 0.60701 0.6066 0.607084 0.604203 0.803
0.606196 0.60702 0.6065 0.607084 0.604203 0.805
0.606196 0.607273 0.606887 0.607084 0.604203 0.806
0.606316 0.607273 0.606887 0.606966 0.604203 0.809
0.606316 0.607273 0.607239 0.606966 0.604203 0.81
0.606316 0.607273 0.607239 0.607275 0.604203 0.811
0.606316 0.60729 0.607239 0.607275 0.603555 0.812
0.606406 0.60755 0.607239 0.607275 0.604214 0.815
0.606709 0.60755 0.607173 0.607462 0.604214 0.816
0.606709 0.60755 0.607173 0.607462 0.603885 0.817
0.606709 0.60755 0.607531 0.607462 0.603885 0.818
0.606709 0.60755 0.607473 0.607462 0.603885 0.819
0.606899 0.60757 0.607473 0.607462 0.603885 0.82
0.607168 0.60757 0.607473 0.607462 0.604489 0.821
0.607168 0.60757 0.608159 0.607912 0.604489 0.823
0.607168 0.60757 0.608159 0.608339 0.604489 0.824
0.60725 0.607831 0.608159 0.608339 0.604489 0.826
0.60743 0.607859 0.608159 0.60813 0.604489 0.83
0.607513 0.607859 0.608134 0.60813 0.605166 0.832
0.607697 0.60812 0.608085 0.60813 0.605832 0.833
0.607697 0.60812 0.608783 0.608586 0.607081 0.834
0.607697 0.60812 0.608783 0.608586 0.607671 0.835
0.607697 0.60812 0.608783 0.608475 0.608234 0.836
0.607847 0.608353 0.608783 0.608475 0.608776 0.837
0.607974 0.608353 0.608783 0.608475 0.608776 0.838
0.607974 0.608353 0.608735 0.609291 0.609291 0.839
0.607974 0.608419 0.609101 0.609291 0.609291 0.841
0.607974 0.608653 0.609101 0.609291 0.609291 0.842
0.607974 0.608727 0.609101 0.609291 0.609291 0.843
0.608131 0.608727 0.60944 0.609291 0.609291 0.844
0.608258 0.608727 0.60944 0.609291 0.609291 0.846
0.608258 0.60896 0.60944 0.610673 0.609291 0.847
0.608258 0.60896 0.60944 0.610673 0.609777 0.848
0.608258 0.60896 0.60944 0.611076 0.61024 0.849
0.608258 0.609165 0.60944 0.611076 0.61024 0.85
0.608419 0.609165 0.60944 0.611076 0.610673 0.852
0.608419 0.609165 0.609416 0.611076 0.610673 0.853
0.608419 0.609165 0.609416 0.611454 0.610673 0.855
0.608419 0.609275 0.609416 0.611799 0.612021 0.857
0.608546 0.609358 0.609788 0.611799 0.612021 0.858
0.608546 0.609358 0.609768 0.611799 0.613329 0.859
0.608641 0.609358 0.610139 0.611799 0.613792 0.861
0.608848 0.609358 0.610139 0.611799 0.613792 0.862
0.608848 0.609358 0.611076 0.611799 0.613792 0.863
0.608848 0.60944 0.611076 0.611799 0.613792 0.864
0.608848 0.609748 0.611454 0.611799 0.613792 0.865
0.608943 0.609748 0.611454 0.611799 0.613792 0.868
0.608943 0.610022 0.611454 0.611799 0.613792 0.871
0.609154 0.610022 0.611454 0.611799 0.614231 0.874
0.609154 0.610268 0.611454 0.611799 0.614231 0.875
0.609335 0.610268 0.611799 0.61324 0.614231 0.876
0.609335 0.610653 0.611799 0.61324 0.61464 0.877
0.609335 0.610653 0.611799 0.61464 0.61464 0.878
0.609335 0.610966 0.611799 0.61464 0.61464 0.879
0.609632 0.611183 0.611799 0.61464 0.61464 0.883
0.609655 0.611329 0.611799 0.61464 0.61464 0.885
0.609655 0.611329 0.611799 0.61464 0.615017 0.886
0.609655 0.611329 0.611799 0.615017 0.615017 0.888
0.609655 0.612398 0.611799 0.615017 0.615017 0.889
0.609982 0.612398 0.611799 0.615017 0.615369 0.891
0.610287 0.612398 0.612112 0.615017 0.615369 0.892
0.610287 0.612398 0.612112 0.615017 0.615693 0.896
0.610798 0.612398 0.612112 0.615369 0.615693 0.898
0.610798 0.612398 0.612398 0.615369 0.615693 0.899
0.610798 0.612398 0.613904 0.615693 0.615693 0.901
0.610798 0.612398 0.615693 0.615693 0.615693 0.903
0.610911 0.612398 0.615693 0.615693 0.615693 0.906
0.610979 0.612398 0.615693 0.615693 0.615978 0.908
0.610979 0.612398 0.615693 0.615693 0.616235 0.909
0.611013 0.612398 0.615693 0.615693 0.61776 0.91
0.611625 0.612655 0.615693 0.615978 0.61776 0.913
0.611705 0.612871 0.615693 0.616235 0.618243 0.914
0.611705 0.613057 0.615693 0.616235 0.618243 0.915
0.611705 0.613057 0.615693 0.616462 0.618243 0.916
0.611705 0.613057 0.615978 0.616462 0.618243 0.917
0.611999 0.613057 0.616235 0.616462 0.619798 0.92
0.611999 0.613057 0.616462 0.616462 0.621314 0.922
0.613212 0.613057 0.616647 0.616647 0.621581 0.924
0.613323 0.614668 0.616647 0.616647 0.621581 0.927
0.613323 0.61486 0.616647 0.616808 0.621581 0.928
0.613408 0.616462 0.616923 0.61844 0.621581 0.93
0.613408 0.616462 0.616923 0.61844 0.623088 0.933
0.613408 0.616647 0.616923 0.618594 0.623088 0.938
0.613408 0.616808 0.616923 0.618594 0.623088 0.939
0.613408 0.616808 0.616923 0.62022 0.623088 0.941
0.613447 0.616808 0.616923 0.621807 0.623088 0.942
0.613447 0.616808 0.616923 0.622002 0.623348 0.943
0.613447 0.616808 0.616923 0.622002 0.624848 0.944
0.613447 0.616923 0.617007 0.622002 0.625114 0.95
0.613447 0.616923 0.617007 0.622002 0.626607 0.951
0.613447 0.616923 0.617007 0.623579 0.626607 0.954
0.613447 0.617007 0.618715 0.623579 0.626607 0.957
0.613451 0.617007 0.618715 0.623579 0.628059 0.96
0.613451 0.617007 0.618715 0.623579 0.628636 0.961
0.613419 0.617007 0.618715 0.623579 0.628636 0.963
0.615263 0.617007 0.618804 0.623579 0.628636 0.964
0.615263 0.617007 0.618804 0.625114 0.628636 0.965
0.617057 0.617007 0.618853 0.625114 0.628636 0.966
0.617057 0.617007 0.620594 0.625114 0.628636 0.967
0.617057 0.617007 0.622293 0.625114 0.630115 0.969
0.617057 0.617066 0.622293 0.625114 0.630115 0.971
0.617057 0.617066 0.622293 0.626879 0.630115 0.972
0.617057 0.617066 0.622293 0.626879 0.630384 0.977
0.617057 0.617032 0.622293 0.626879 0.631859 0.978
0.617066 0.617032 0.623944 0.626879 0.631859 0.98
0.617066 0.617032 0.623944 0.628636 0.631859 0.982
0.617066 0.617032 0.623944 0.628871 0.631859 0.983
0.617032 0.618861 0.623944 0.628871 0.631859 0.985
0.617032 0.618833 0.623944 0.628871 0.631859 0.986
0.617032 0.618833 0.623944 0.628871 0.633289 0.987
0.617032 0.618833 0.62407 0.630384 0.633289 0.99
0.617032 0.618833 0.625714 0.630384 0.633598 0.992
0.617032 0.618833 0.625714 0.630384 0.636407 0.994
0.617032 0.620656 0.625714 0.630384 0.636407 0.996
0.617032 0.622434 0.625714 0.630384 0.636748 0.998
0.616962 0.622434 0.627314 0.631859 0.636748 1
0.616962 0.622446 0.627314 0.631859 0.636748 1.003
0.616962 0.622446 0.627483 0.631859 0.636748 1.006
0.616962 0.622446 0.627483 0.632134 0.636748 1.008
0.616848 0.624215 0.629243 0.633598 0.636748 1.009
0.616848 0.624215 0.629243 0.633872 0.636748 1.01
0.616848 0.624215 0.629378 0.633872 0.636748 1.015
0.616848 0.624215 0.629378 0.636748 0.636748 1.016
0.616848 0.624215 0.631001 0.636748 0.636748 1.018
0.616848 0.624215 0.631001 0.637062 0.636748 1.019
0.616848 0.625937 0.631001 0.637341 0.636748 1.022
0.618653 0.625937 0.631001 0.637341 0.638471 1.024
0.618653 0.625937 0.631001 0.63759 0.638471 1.026
0.618653 0.627612 0.632583 0.63759 0.638784 1.029
0.618653 0.627612 0.632583 0.63759 0.639068 1.03
0.618653 0.627612 0.632754 0.63759 0.639068 1.032
0.618653 0.627709 0.632754 0.63759 0.640785 1.033
0.618653 0.627709 0.632994 0.63759 0.643601 1.034
0.620561 0.627766 0.632994 0.63759 0.643601 1.035
0.622423 0.627766 0.63464 0.637976 0.643601 1.037
0.622423 0.629536 0.63464 0.637976 0.645294 1.039
0.622356 0.629536 0.63464 0.637976 0.645294 1.041
0.622356 0.629557 0.637976 0.638119 0.645614 1.045
0.622356 0.629535 0.637976 0.639706 0.645614 1.048
0.624208 0.631317 0.637976 0.639706 0.645614 1.049
0.624208 0.631317 0.637976 0.641248 0.645614 1.056
0.624208 0.631317 0.637976 0.644203 0.646986 1.057
0.624208 0.633053 0.637976 0.644203 0.649603 1.059
0.624208 0.633053 0.637976 0.64446 0.649603 1.06
0.626011 0.633053 0.637976 0.646162 0.649995 1.062
0.626011 0.633078 0.637976 0.646162 0.649995 1.063
0.626011 0.633078 0.637976 0.64638 0.649995 1.066
0.626011 0.633078 0.638119 0.64638 0.649995 1.067
0.626011 0.634804 0.638228 0.64638 0.649995 1.069
0.627766 0.634804 0.638228 0.64638 0.649995 1.07
0.627788 0.634834 0.638228 0.64638 0.650353 1.072
0.627768 0.634821 0.638228 0.64638 0.650353 1.073
0.627704 0.634821 0.638228 0.64638 0.650353 1.075
0.627704 0.638296 0.638228 0.64638 0.651665 1.076
0.627704 0.638296 0.639853 0.64638 0.651665 1.077
0.629535 0.638296 0.639853 0.646567 0.651665 1.08
0.629535 0.638296 0.639853 0.648079 0.651665 1.081
0.629476 0.638296 0.639853 0.65097 0.652022 1.082
0.62938 0.638296 0.639853 0.65097 0.652022 1.083
0.629237 0.638296 0.639853 0.651234 0.652022 1.084
0.629237 0.638296 0.641579 0.651234 0.653326 1.086
0.629237 0.638296 0.64468 0.651234 0.653326 1.087
0.629237 0.638323 0.64468 0.651234 0.653326 1.088
0.629237 0.638323 0.644861 0.651234 0.654589 1.089
0.631149 0.638314 0.644861 0.651234 0.656238 1.09
0.631149 0.638314 0.64638 0.651234 0.656238 1.092
0.631149 0.638314 0.646567 0.651234 0.656238 1.094
0.631005 0.638314 0.646567 0.651234 0.656238 1.095
0.631005 0.638314 0.646567 0.651234 0.65745 1.096
0.632912 0.638314 0.646567 0.652649 0.65745 1.101
0.632773 0.638314 0.646567 0.652649 0.65745 1.103
0.632773 0.638314 0.646567 0.652649 0.658623 1.105
0.632773 0.638268 0.646722 0.652649 0.658623 1.107
0.632594 0.638268 0.646722 0.652649 0.658623 1.108
0.632594 0.640056 0.646722 0.652649 0.659085 1.109
0.634536 0.640056 0.646722 0.652649 0.659085 1.11
0.634536 0.640056 0.648271 0.654021 0.659085 1.111
0.634536 0.640056 0.648271 0.654021 0.659508 1.112
0.634536 0.640056 0.651234 0.654021 0.659508 1.113
0.634536 0.640056 0.651234 0.656637 0.65991 1.114
0.638268 0.641794 0.651234 0.656637 0.65991 1.118
0.638268 0.645127 0.651234 0.656637 0.65991 1.119
0.638268 0.645196 0.651234 0.657881 0.65991 1.121
0.638268 0.646829 0.651234 0.657881 0.660278 1.125
0.638268 0.646829 0.651234 0.657881 0.661538 1.126
0.63817 0.646829 0.651234 0.657881 0.661538 1.127
0.63817 0.646829 0.651234 0.658271 0.663156 1.128
0.63817 0.646829 0.651234 0.659508 0.663156 1.13
0.63817 0.646829 0.652649 0.659508 0.663156 1.131
0.63817 0.646829 0.652649 0.659508 0.663527 1.135
0.63817 0.646829 0.652904 0.659508 0.663527 1.136
0.63817 0.646829 0.652904 0.65991 0.663527 1.14
0.63817 0.646829 0.654312 0.65991 0.663527 1.142
0.63817 0.648417 0.654312 0.65991 0.663527 1.144
0.63817 0.648417 0.656995 0.65991 0.663527 1.145
0.63817 0.651454 0.656995 0.65991 0.663527 1.146
0.63817 0.651454 0.656995 0.660278 0.663527 1.147
0.63817 0.651454 0.656995 0.660611 0.663527 1.148
0.63817 0.651454 0.656995 0.660611 0.66387 1.149
0.63817 0.651454 0.656995 0.661188 0.66387 1.15
0.640001 0.651454 0.658271 0.662551 0.66387 1.152
0.640001 0.651454 0.658641 0.66387 0.66387 1.154
0.640001 0.651454 0.658976 0.66387 0.66387 1.155
0.640001 0.65165 0.660278 0.66387 0.664177 1.161
0.641738 0.65165 0.660278 0.66387 0.664177 1.162
0.645236 0.65165 0.660611 0.66387 0.664177 1.163
0.645236 0.653136 0.660611 0.66387 0.664177 1.165
0.645236 0.653136 0.660611 0.66387 0.664446 1.166
0.646949 0.653136 0.660611 0.66387 0.665789 1.169
0.646949 0.65333 0.660611 0.66387 0.665789 1.175
0.646949 0.654809 0.660611 0.66387 0.66709 1.176
0.646949 0.654809 0.660914 0.66387 0.66709 1.177
0.646949 0.656242 0.660914 0.664177 0.66709 1.179
0.646949 0.657632 0.660914 0.664177 0.66709 1.18
0.646949 0.657632 0.661188 0.664177 0.66709 1.181
0.646949 0.657632 0.662551 0.664177 0.66709 1.184
0.646949 0.657895 0.662551 0.664177 0.668345 1.185
0.646949 0.658129 0.66387 0.664446 0.668345 1.186
0.646944 0.659543 0.66387 0.664446 0.668345 1.187
0.648652 0.659543 0.66387 0.664446 0.668345 1.189
0.648652 0.659782 0.66387 0.664446 0.668345 1.19
0.651922 0.659782 0.66387 0.664446 0.668345 1.191
0.651922 0.659782 0.664177 0.664446 0.668345 1.193
0.651922 0.659782 0.664177 0.664446 0.668689 1.195
0.651922 0.661424 0.664177 0.665789 0.668689 1.196
0.651922 0.661424 0.664177 0.665789 0.669934 1.201
0.651922 0.661424 0.664177 0.66709 0.669934 1.202
0.651922 0.661424 0.664177 0.66709 0.671137 1.203
0.651922 0.661424 0.664177 0.66709 0.671518 1.204
0.651922 0.661424 0.664177 0.66709 0.671864 1.205
0.652003 0.661424 0.664177 0.66709 0.671864 1.209
0.653605 0.661424 0.664177 0.66709 0.67309 1.211
0.653605 0.661424 0.664177 0.668345 0.67309 1.212
0.653692 0.661424 0.664177 0.668345 0.67309 1.213
0.653692 0.661424 0.664177 0.668689 0.67309 1.214
0.653692 0.661424 0.664446 0.668689 0.67309 1.215
0.653692 0.662822 0.664446 0.668689 0.67309 1.219
0.653692 0.662822 0.664446 0.669003 0.67309 1.221
0.655286 0.664177 0.664446 0.669003 0.67309 1.222
0.65833 0.664177 0.664446 0.669003 0.67309 1.226
0.65833 0.664177 0.664446 0.670594 0.67309 1.228
0.65833 0.664177 0.665789 0.670594 0.67309 1.229
0.65833 0.664177 0.665789 0.671864 0.67309 1.23
0.658492 0.664446 0.665789 0.671864 0.67309 1.232
0.659981 0.664446 0.665789 0.671864 0.67309 1.234
0.659981 0.664446 0.66709 0.671864 0.67309 1.236
0.659981 0.664446 0.66709 0.67309 0.673441 1.238
0.661424 0.664446 0.66709 0.673441 0.673441 1.243
0.661424 0.664446 0.668689 0.673441 0.673755 1.245
0.661424 0.664446 0.669003 0.673441 0.673755 1.251
0.661424 0.664446 0.66928 0.673441 0.673755 1.254
0.661424 0.664685 0.669526 0.673441 0.673755 1.258
0.661424 0.664685 0.670876 0.673755 0.673755 1.262
0.661424 0.664685 0.670876 0.673755 0.674039 1.264
0.661424 0.664685 0.672181 0.673755 0.674039 1.265
0.661622 0.666063 0.672181 0.673755 0.674039 1.266
0.663056 0.666063 0.672181 0.673755 0.674039 1.267
0.664446 0.666063 0.672181 0.673755 0.674039 1.27
0.664685 0.666063 0.672181 0.673755 0.674039 1.271
0.664685 0.666063 0.673441 0.674039 0.674039 1.272
0.664685 0.667399 0.673755 0.674039 0.674039 1.273
0.664685 0.667399 0.673755 0.674039 0.675324 1.279
0.664892 0.667399 0.674039 0.674039 0.675324 1.28
0.664892 0.669526 0.674039 0.674039 0.675324 1.283
0.665059 0.669526 0.674039 0.674039 0.675605 1.284
0.665059 0.669733 0.674039 0.674039 0.675605 1.286
0.665193 0.669733 0.674039 0.674039 0.675605 1.288
0.665286 0.669733 0.674039 0.674039 0.675856 1.289
0.665286 0.669908 0.674039 0.674039 0.675856 1.293
0.665286 0.670042 0.674499 0.674039 0.675856 1.297
0.665286 0.670141 0.674499 0.674039 0.675856 1.299
0.665286 0.671643 0.674499 0.674039 0.675856 1.3
0.665286 0.671643 0.674681 0.674039 0.675856 1.301
0.665286 0.673095 0.674681 0.674039 0.675856 1.303
0.665286 0.673095 0.674681 0.675605 0.676075 1.307
0.665343 0.674499 0.674681 0.675605 0.676075 1.31
0.665343 0.674499 0.674681 0.675856 0.676075 1.311
0.666913 0.674499 0.674681 0.675856 0.676075 1.316
0.668436 0.674499 0.674681 0.675856 0.676075 1.323
0.668436 0.674499 0.674681 0.675856 0.676391 1.325
0.668436 0.674499 0.674681 0.675856 0.677815 1.33
0.66853 0.674499 0.674681 0.675856 0.677815 1.331
0.66853 0.674499 0.674681 0.676075 0.677815 1.332
0.670042 0.674499 0.674681 0.676075 0.677815 1.333
0.670042 0.674681 0.674681 0.676391 0.677815 1.335
0.670042 0.674681 0.674821 0.676391 0.677815 1.34
0.670141 0.674681 0.674821 0.676391 0.677815 1.343
0.670141 0.674681 0.676254 0.676391 0.677815 1.344
0.671643 0.674681 0.676254 0.676391 0.677815 1.351
0.673095 0.674821 0.676254 0.676391 0.677815 1.354
0.673095 0.674821 0.676254 0.676495 0.677815 1.355
0.673095 0.674821 0.676254 0.677957 0.677815 1.36
0.673095 0.674821 0.676254 0.677957 0.677957 1.361
0.674681 0.674821 0.676254 0.677957 0.677957 1.362
0.674681 0.674821 0.676391 0.677957 0.677957 1.365
0.674681 0.674821 0.676391 0.677957 0.679368 1.37
0.674681 0.67492 0.676391 0.677957 0.679515 1.374
0.674681 0.674983 0.676391 0.677957 0.679515 1.381
0.674821 0.674983 0.676391 0.677957 0.679515 1.382
0.674821 0.676495 0.676391 0.677957 0.679515 1.384
0.67492 0.676495 0.676391 0.677957 0.679515 1.385
0.67492 0.676495 0.676495 0.677957 0.679515 1.387
0.67492 0.676495 0.676495 0.677957 0.67962 1.392
0.67492 0.676495 0.676562 0.677957 0.67962 1.394
0.67492 0.676495 0.678065 0.677957 0.681061 1.398
0.67492 0.676495 0.678065 0.677957 0.682451 1.4
0.67492 0.676495 0.678065 0.679368 0.682451 1.401
0.67492 0.676495 0.678065 0.679368 0.6826 1.402
0.67492 0.676495 0.678065 0.679515 0.6826 1.403
0.67492 0.676495 0.678065 0.67962 0.6826 1.411
0.67492 0.676495 0.678065 0.67962 0.682714 1.414
0.674983 0.676495 0.678065 0.67962 0.682714 1.416
0.67501 0.676495 0.678065 0.67962 0.682714 1.419
0.67501 0.676562 0.678065 0.679689 0.682714 1.422
0.67501 0.676586 0.678065 0.68117 0.682785 1.429
0.67501 0.676586 0.678065 0.681244 0.682785 1.43
0.674991 0.676586 0.678065 0.682714 0.682785 1.431
0.674991 0.676586 0.678065 0.682714 0.682811 1.434
0.674991 0.676586 0.67813 0.682714 0.682811 1.437
0.676586 0.67813 0.67813 0.682714 0.682811 1.439
0.676586 0.67813 0.67962 0.682714 0.682811 1.44
0.676586 0.67813 0.67962 0.682714 0.68431 1.441
0.676586 0.67813 0.67962 0.682785 0.684349 1.444
0.676586 0.67813 0.679689 0.682785 0.684349 1.447
0.676586 0.678158 0.679689 0.682785 0.684349 1.453
0.676586 0.678158 0.679722 0.682785 0.687271 1.455
0.676586 0.678158 0.679722 0.682811 0.687271 1.46
0.676586 0.678149 0.679722 0.682811 0.687271 1.467
0.676586 0.678149 0.681274 0.682811 0.687271 1.469
0.676586 0.678149 0.681274 0.682811 0.68734 1.47
0.676586 0.678149 0.682785 0.682811 0.68734 1.471
0.676586 0.678149 0.682785 0.682807 0.68734 1.473
0.676586 0.678149 0.682785 0.684349 0.68734 1.474
0.676586 0.679722 0.682785 0.684349 0.68734 1.483
0.676586 0.67971 0.682785 0.687271 0.68734 1.488
0.676586 0.67971 0.682811 0.687271 0.68734 1.49
0.67813 0.67971 0.682811 0.687271 0.68734 1.496
0.67813 0.67971 0.682807 0.687271 0.68734 1.497
0.678158 0.67971 0.682807 0.68734 0.68734 1.498
0.678149 0.67971 0.682807 0.68734 0.68734 1.5
0.678093 0.67971 0.682807 0.68734 0.68734 1.503
0.678093 0.67971 0.682807 0.68734 0.68738 1.508
0.678093 0.679651 0.682807 0.68734 0.68738 1.51
0.678093 0.681258 0.682807 0.68734 0.68738 1.513
0.678093 0.681258 0.682807 0.68734 0.688846 1.514
0.678093 0.682811 0.684349 0.68734 0.690258 1.515
0.678093 0.682811 0.684349 0.68734 0.691619 1.524
0.678093 0.682807 0.684349 0.68734 0.691619 1.528
0.678093 0.682807 0.687271 0.68734 0.691619 1.529
0.678093 0.682807 0.687271 0.68738 0.691619 1.53
0.678093 0.682807 0.687271 0.68738 0.692927 1.532
0.678093 0.682807 0.687271 0.68738 0.694186 1.533
0.678093 0.682807 0.68734 0.68738 0.694186 1.534
0.678093 0.682807 0.68734 0.68738 0.695395 1.541
0.67971 0.682807 0.68734 0.68738 0.695627 1.542
0.679651 0.682807 0.68734 0.688846 0.695627 1.548
0.679651 0.682807 0.68734 0.690258 0.695627 1.549
0.679651 0.682807 0.68734 0.690258 0.697969 1.551
0.679651 0.682807 0.68734 0.690258 0.699065 1.556
0.679651 0.682807 0.68734 0.691619 0.699065 1.559
0.679651 0.684349 0.68734 0.691619 0.699065 1.56
0.679651 0.684349 0.68734 0.691737 0.699065 1.562
0.67956 0.684349 0.68734 0.691737 0.699065 1.566
0.679413 0.684349 0.68734 0.694381 0.699065 1.567
0.679413 0.684349 0.68734 0.694381 0.699374 1.568
0.679413 0.684334 0.68734 0.694381 0.699374 1.569
0.679413 0.684334 0.68738 0.694381 0.699374 1.571
0.68111 0.684334 0.68738 0.694381 0.699374 1.572
0.68275 0.68738 0.68738 0.694381 0.699374 1.575
0.68275 0.68738 0.68738 0.695627 0.699374 1.576
0.68266 0.68738 0.68738 0.695627 0.699374 1.579
0.68266 0.68738 0.687374 0.695627 0.699374 1.584
0.68266 0.68738 0.687374 0.697969 0.699374 1.586
0.68266 0.68738 0.688883 0.699065 0.699374 1.591
0.68266 0.68738 0.690336 0.699065 0.699374 1.593
0.68266 0.68738 0.690336 0.699374 0.699374 1.599
0.68266 0.68738 0.691737 0.699374 0.699374 1.602
0.68266 0.68738 0.691737 0.699374 0.699645 1.603
0.68266 0.68738 0.691819 0.699374 0.699645 1.604
0.68266 0.68738 0.691819 0.699374 0.699883 1.609
0.68266 0.68738 0.693207 0.699374 0.699883 1.61
0.68266 0.68738 0.694542 0.699374 0.699883 1.611
0.68266 0.687374 0.694542 0.699374 0.699883 1.614
0.682522 0.687374 0.694542 0.699374 0.699883 1.617
0.682522 0.687374 0.695827 0.699374 0.699883 1.62
0.684196 0.687374 0.695827 0.699374 0.699883 1.622
0.684062 0.68733 0.695827 0.699374 0.699883 1.628
0.684062 0.68733 0.698476 0.699374 0.70008 1.63
0.684062 0.68733 0.698476 0.699645 0.70008 1.632
0.684062 0.68733 0.698476 0.699883 0.70008 1.633
0.684062 0.68733 0.699645 0.699883 0.70008 1.636
0.68733 0.68733 0.699645 0.70008 0.70008 1.637
0.68733 0.688881 0.699645 0.70008 0.70008 1.639
0.68733 0.690377 0.699645 0.70008 0.70008 1.64
0.687238 0.690377 0.699645 0.70008 0.70008 1.643
0.687238 0.690377 0.699645 0.70008 0.700243 1.645
0.687105 0.690377 0.699645 0.70008 0.700243 1.646
0.687105 0.690372 0.699645 0.70008 0.700243 1.649
0.687105 0.691857 0.699645 0.70008 0.700243 1.65
0.687105 0.691857 0.699645 0.70008 0.701475 1.653
0.687105 0.694661 0.699645 0.70008 0.701475 1.659
0.687105 0.695985 0.699645 0.70008 0.701475 1.669
0.687105 0.695985 0.699645 0.70008 0.701642 1.672
0.687105 0.695985 0.699645 0.70008 0.702859 1.675
0.687105 0.695985 0.70008 0.70008 0.702859 1.676
0.687105 0.698476 0.70008 0.700243 0.703023 1.678
0.687105 0.698677 0.70008 0.700243 0.703023 1.682
0.687105 0.699883 0.70008 0.700243 0.703152 1.685
0.687105 0.699883 0.70008 0.701475 0.703152 1.69
0.687105 0.70008 0.70008 0.701475 0.703152 1.696
0.688609 0.70008 0.70008 0.701475 0.703152 1.704
0.690237 0.70008 0.70008 0.701475 0.703152 1.705
0.690237 0.70008 0.700243 0.701475 0.703152 1.706
0.690237 0.70008 0.700243 0.701642 0.703152 1.709
0.690237 0.70008 0.700243 0.701642 0.703245 1.71
0.690237 0.70008 0.700243 0.701767 0.703245 1.711
0.690237 0.70008 0.700243 0.703023 0.703245 1.712
0.691809 0.70008 0.700243 0.703023 0.703245 1.715
0.691809 0.70008 0.700371 0.703023 0.704528 1.717
0.691809 0.70008 0.700371 0.703023 0.705758 1.718
0.691809 0.70008 0.700371 0.703152 0.705758 1.72
0.694783 0.70008 0.700371 0.703152 0.705758 1.724
0.694783 0.700243 0.700371 0.703152 0.705758 1.733
0.69623 0.700243 0.700371 0.703152 0.705758 1.734
0.69623 0.700243 0.701642 0.703152 0.705758 1.737
0.69623 0.700371 0.701642 0.703152 0.705758 1.741
0.698959 0.700371 0.701642 0.703245 0.705758 1.745
0.698959 0.700371 0.701767 0.703245 0.705758 1.749
0.700243 0.700371 0.701767 0.703245 0.705887 1.751
0.700371 0.700371 0.701767 0.703245 0.705887 1.755
0.700371 0.700371 0.701767 0.705758 0.705887 1.756
0.700371 0.700371 0.703023 0.705758 0.705887 1.76
0.700371 0.700455 0.703023 0.705758 0.705887 1.761
0.700371 0.700455 0.703152 0.705758 0.705887 1.765
0.700455 0.700455 0.703152 0.705758 0.705887 1.777
0.700455 0.700455 0.703152 0.705887 0.705887 1.78
0.700455 0.700502 0.703152 0.705887 0.705887 1.786
0.700502 0.700502 0.703152 0.705887 0.70598 1.787
0.700502 0.701855 0.703152 0.705887 0.70598 1.789
0.700512 0.701855 0.703152 0.705887 0.70598 1.79
0.700512 0.701855 0.703245 0.705887 0.70598 1.793
0.700512 0.701855 0.703292 0.705887 0.70598 1.797
0.700512 0.701855 0.703292 0.705887 0.706028 1.803
0.700512 0.701855 0.704617 0.70598 0.706028 1.805
0.700512 0.701855 0.705887 0.70598 0.706028 1.806
0.700474 0.701855 0.705887 0.70598 0.706028 1.811
0.700474 0.703152 0.705887 0.70598 0.706028 1.813
0.700474 0.703152 0.705887 0.706028 0.706028 1.817
0.700474 0.703245 0.705887 0.706028 0.706028 1.821
0.700474 0.703245 0.70598 0.706028 0.706028 1.823
0.700474 0.703292 0.70598 0.706028 0.706028 1.829
0.700474 0.703292 0.70598 0.706028 0.707323 1.831
0.700474 0.703292 0.70598 0.706028 0.708564 1.835
0.700474 0.703302 0.70598 0.706028 0.708658 1.836
0.700396 0.703302 0.70598 0.706028 0.708658 1.84
0.700396 0.703264 0.70598 0.706028 0.708658 1.844
0.700396 0.703264 0.70598 0.706028 0.709883 1.854
0.700396 0.706028 0.70598 0.706028 0.709883 1.859
0.701879 0.706028 0.70598 0.706028 0.709883 1.86
0.701879 0.706028 0.70598 0.706028 0.70998 1.861
0.701879 0.706028 0.706028 0.706028 0.70998 1.867
0.701879 0.706028 0.706028 0.707323 0.71119 1.872
0.701879 0.706028 0.706028 0.707375 0.71119 1.875
0.701879 0.706028 0.706028 0.708658 0.71119 1.876
0.701797 0.706028 0.706028 0.708658 0.71119 1.88
0.703264 0.706028 0.706028 0.708658 0.71119 1.884
0.703264 0.706028 0.706028 0.708658 0.712344 1.886
0.703264 0.706028 0.706028 0.708658 0.712486 1.887
0.703264 0.706028 0.706037 0.709883 0.712583 1.896
0.703264 0.706028 0.706037 0.70998 0.712583 1.899
0.703264 0.706028 0.706037 0.70998 0.714887 1.903
0.703264 0.706037 0.706037 0.70998 0.714887 1.904
0.703264 0.706037 0.706037 0.71119 0.714887 1.914
0.703264 0.706037 0.706037 0.711291 0.714887 1.916
0.703187 0.706037 0.706037 0.711291 0.714887 1.918
0.703187 0.706037 0.707375 0.711291 0.714887 1.924
0.703187 0.706037 0.708658 0.711291 0.714887 1.928
0.703187 0.706037 0.708658 0.712583 0.714887 1.929
0.703187 0.706037 0.708658 0.712583 0.715955 1.93
0.703187 0.706037 0.708658 0.712583 0.716128 1.931
0.706037 0.706037 0.708714 0.712583 0.716128 1.933
0.706037 0.706037 0.708714 0.712583 0.717178 1.941
0.706037 0.706037 0.708714 0.714887 0.717178 1.946
0.706037 0.706037 0.70998 0.714887 0.717178 1.948
0.706037 0.706008 0.710041 0.714887 0.717178 1.952
0.706037 0.705939 0.710041 0.714887 0.717178 1.963
0.706037 0.705939 0.710054 0.714887 0.717178 1.966
0.706037 0.70582 0.710054 0.714887 0.717363 1.967
0.706037 0.70582 0.711347 0.714887 0.717363 1.968
0.706037 0.70582 0.711347 0.714887 0.718398 1.97
0.706037 0.70582 0.711347 0.716128 0.719377 1.973
0.706008 0.70582 0.711347 0.716128 0.719377 1.976
0.706008 0.70582 0.711347 0.716128 0.720301 1.979
0.705939 0.70582 0.711347 0.716128 0.720301 1.981
0.70582 0.707291 0.711347 0.716128 0.720301 1.982
0.70582 0.707291 0.712583 0.716128 0.720557 1.983
0.70582 0.707291 0.712583 0.717178 0.721464 1.985
0.70582 0.708703 0.712583 0.717178 0.721464 1.986
0.70582 0.708703 0.712583 0.717178 0.722316 1.999
0.70582 0.708703 0.71502 0.717178 0.722316 2
0.70582 0.708703 0.71502 0.717363 0.722316 2.002
0.70582 0.710054 0.71502 0.717363 0.723114 2.006
0.70582 0.710054 0.71502 0.717363 0.723446 2.009
0.70582 0.710054 0.71502 0.718398 0.723446 2.015
0.70582 0.710054 0.71502 0.718398 0.723739 2.017
0.70582 0.710054 0.71502 0.719377 0.723739 2.018
0.70582 0.710054 0.71502 0.719377 0.723998 2.019
0.70582 0.710021 0.71502 0.719595 0.723998 2.023
0.70582 0.710021 0.71502 0.720557 0.723998 2.024
0.70582 0.711357 0.71502 0.720557 0.723998 2.027
0.70582 0.711357 0.716128 0.720557 0.724224 2.028
0.70582 0.711357 0.716128 0.721464 0.724224 2.03
0.70582 0.711357 0.716273 0.721464 0.724224 2.036
0.70582 0.711357 0.717363 0.721464 0.724224 2.041
0.70582 0.712635 0.717363 0.721464 0.724224 2.042
0.70582 0.712635 0.717363 0.721724 0.724408 2.043
0.70582 0.712635 0.717363 0.722613 0.724408 2.044
0.70582 0.712657 0.717363 0.722613 0.724408 2.047
0.70582 0.712657 0.717504 0.722613 0.725335 2.051
0.70582 0.712657 0.717504 0.723446 0.725335 2.052
0.70582 0.712657 0.717504 0.723739 0.725335 2.054
0.70582 0.712657 0.717609 0.723739 0.725335 2.058
0.70582 0.712657 0.717609 0.723998 0.725335 2.059
0.707291 0.715125 0.717609 0.723998 0.726204 2.06
0.707291 0.715125 0.717609 0.723998 0.727018 2.061
0.707291 0.715125 0.717669 0.723998 0.727018 2.063
0.708703 0.715125 0.717669 0.723998 0.727018 2.064
0.708703 0.715185 0.717669 0.723998 0.727018 2.065
0.708703 0.715185 0.718825 0.723998 0.727018 2.071
0.708703 0.715185 0.718825 0.724224 0.727018 2.072
0.708703 0.715185 0.719921 0.724224 0.727018 2.074
0.708703 0.715185 0.719921 0.724408 0.727018 2.076
0.708703 0.715185 0.719921 0.724408 0.727281 2.077
0.708703 0.715185 0.72096 0.724408 0.727281 2.08
0.708703 0.715207 0.72096 0.724408 0.727281 2.083
0.710054 0.715207 0.72096 0.724408 0.727281 2.086
0.710021 0.715207 0.721942 0.724408 0.728074 2.087
0.710021 0.716438 0.721942 0.724408 0.728074 2.089
0.710021 0.716438 0.722126 0.724408 0.728074 2.095
0.710021 0.716438 0.722126 0.725335 0.728074 2.097
0.709956 0.716455 0.722126 0.725335 0.728074 2.098
0.709841 0.717669 0.723091 0.725335 0.728074 2.101
0.709841 0.717669 0.723091 0.725335 0.728809 2.104
0.711266 0.717669 0.723091 0.727018 0.728809 2.107
0.711266 0.717669 0.723998 0.727018 0.728809 2.109
0.711155 0.717669 0.723998 0.727018 0.728809 2.11
0.711155 0.717669 0.724224 0.727018 0.728809 2.113
0.711155 0.717669 0.724224 0.727018 0.72949 2.115
0.711155 0.71769 0.724224 0.727018 0.72949 2.116
0.711155 0.71769 0.724224 0.727018 0.730114 2.121
0.712566 0.71769 0.724224 0.727281 0.730114 2.122
0.712566 0.717672 0.724224 0.727281 0.730114 2.125
0.712451 0.717672 0.724224 0.727281 0.730114 2.126
0.712451 0.717672 0.724408 0.727281 0.730114 2.129
0.712451 0.718913 0.724408 0.727281 0.730114 2.133
0.712451 0.718913 0.724408 0.728074 0.730114 2.134
0.712451 0.718913 0.724408 0.728074 0.730683 2.135
0.712451 0.720093 0.724408 0.728074 0.731091 2.136
0.712451 0.720093 0.724408 0.728074 0.731637 2.138
0.715181 0.720093 0.724408 0.728074 0.731637 2.141
0.715181 0.721213 0.724408 0.728074 0.732129 2.142
0.715181 0.721213 0.724408 0.728074 0.732566 2.145
0.715181 0.721213 0.724408 0.728074 0.733474 2.148
0.715181 0.722275 0.724408 0.728074 0.733474 2.149
0.715181 0.722275 0.724408 0.728809 0.733474 2.151
0.715115 0.722275 0.724408 0.728809 0.733474 2.155
0.715115 0.722275 0.725335 0.728809 0.733474 2.156
0.715115 0.722379 0.725335 0.728809 0.733474 2.157
0.715115 0.722445 0.725335 0.72949 0.733474 2.163
0.715115 0.723531 0.725335 0.72949 0.733474 2.164
0.715115 0.723531 0.727018 0.729829 0.733474 2.166
0.715115 0.723531 0.727018 0.730822 0.733474 2.169
0.716434 0.723531 0.727018 0.730822 0.733885 2.171
0.716434 0.724556 0.727018 0.730822 0.733885 2.172
0.716434 0.724556 0.727018 0.730822 0.735224 2.173
0.716371 0.724556 0.727018 0.730822 0.735224 2.176
0.716371 0.724556 0.727018 0.730822 0.735634 2.177
0.716259 0.724556 0.727018 0.730822 0.736064 2.18
0.716259 0.724556 0.727281 0.730822 0.736064 2.181
0.716259 0.724556 0.727281 0.731125 0.736064 2.183
0.717605 0.724556 0.727281 0.731798 0.736064 2.184
0.717605 0.724556 0.727281 0.732414 0.736064 2.186
0.717605 0.724556 0.727281 0.732414 0.736478 2.187
0.717605 0.724556 0.727281 0.733349 0.736852 2.191
0.717605 0.724556 0.728074 0.733349 0.736852 2.194
0.717605 0.724556 0.72834 0.733349 0.736852 2.196
0.717605 0.724556 0.72834 0.733885 0.736852 2.197
0.717497 0.724556 0.728565 0.733885 0.737204 2.206
0.717497 0.724556 0.729375 0.733885 0.737204 2.212
0.717497 0.724556 0.729375 0.734257 0.737204 2.213
0.717497 0.724556 0.729375 0.734597 0.737204 2.214
0.717497 0.724556 0.729375 0.734907 0.737204 2.215
0.717497 0.724556 0.729375 0.734907 0.737507 2.216
0.718828 0.724556 0.729375 0.735174 0.737507 2.217
0.720095 0.725522 0.729375 0.735174 0.737507 2.22
0.720095 0.725522 0.729375 0.736353 0.737507 2.222
0.720036 0.725522 0.730128 0.736353 0.737507 2.223
0.720036 0.725522 0.730128 0.736353 0.738018 2.224
0.720036 0.725522 0.730393 0.736353 0.738018 2.226
0.721286 0.725674 0.730393 0.736353 0.738018 2.227
0.721286 0.725674 0.730393 0.736852 0.738334 2.229
0.721286 0.726621 0.731125 0.736852 0.738334 2.23
0.721286 0.72751 0.731125 0.736852 0.738607 2.231
0.722474 0.72751 0.731125 0.736852 0.738607 2.234
0.722474 0.72751 0.731125 0.736852 0.738847 2.235
0.722474 0.72751 0.731125 0.737204 0.738847 2.237
0.722474 0.72751 0.731125 0.737204 0.739052 2.242
0.722474 0.72751 0.731622 0.737204 0.739052 2.244
0.722474 0.727848 0.732369 0.737204 0.739052 2.245
0.722454 0.727848 0.733057 0.737204 0.739052 2.247
0.723625 0.727848 0.733326 0.737204 0.739052 2.249
0.723625 0.727848 0.733992 0.737204 0.739052 2.252
0.723625 0.727848 0.733992 0.737204 0.739649 2.253
0.724733 0.727848 0.734264 0.737204 0.739849 2.257
0.724733 0.727848 0.734907 0.737204 0.739849 2.258
0.724733 0.728755 0.734907 0.737204 0.739849 2.259
0.724733 0.72891 0.734907 0.737507 0.739849 2.263
0.724733 0.72891 0.735174 0.737507 0.739849 2.269
0.724733 0.72891 0.735174 0.737786 0.739849 2.271
0.724733 0.72891 0.735174 0.738334 0.739849 2.275
0.724733 0.72891 0.735416 0.738334 0.739849 2.276
0.724733 0.729947 0.735416 0.738334 0.739849 2.277
0.724733 0.729947 0.735416 0.738607 0.739849 2.278
0.724733 0.730061 0.735416 0.738607 0.739849 2.281
0.724733 0.730061 0.736302 0.738847 0.739849 2.284
0.724733 0.730061 0.736936 0.738847 0.739849 2.285
0.724761 0.730061 0.736936 0.739052 0.739849 2.289
0.724761 0.730969 0.736936 0.739213 0.739849 2.29
0.724761 0.730969 0.737507 0.739213 0.739849 2.292
0.724761 0.731815 0.737507 0.739213 0.739849 2.297
0.724761 0.731973 0.737507 0.739213 0.739849 2.3
0.724761 0.732085 0.737507 0.739849 0.739849 2.304
0.725882 0.732085 0.737507 0.739849 0.740421 2.307
0.725882 0.733074 0.737507 0.739849 0.740421 2.312
0.725882 0.733917 0.737507 0.739849 0.740421 2.315
0.726979 0.733917 0.737786 0.739849 0.740421 2.318
0.728031 0.734698 0.738223 0.739849 0.740421 2.319
0.728031 0.734698 0.738223 0.739849 0.740624 2.324
0.728031 0.735416 0.738223 0.739849 0.740792 2.326
0.728061 0.735416 0.738223 0.739849 0.740792 2.329
0.728052 0.735416 0.738223 0.739849 0.740792 2.334
0.728052 0.735607 0.738223 0.739849 0.740792 2.337
0.728052 0.735607 0.739052 0.739849 0.740914 2.338
0.727994 0.735607 0.739052 0.739849 0.740914 2.339
0.727994 0.735771 0.739052 0.739849 0.740914 2.341
0.727994 0.735771 0.739213 0.739849 0.74154 2.343
0.727994 0.735771 0.739213 0.740013 0.74154 2.344
0.727994 0.735889 0.739213 0.740013 0.74154 2.346
0.727903 0.735889 0.739213 0.740013 0.74154 2.347
0.729067 0.735889 0.739213 0.740013 0.74154 2.348
0.728962 0.735889 0.739213 0.740013 0.74154 2.35
0.728962 0.736664 0.739213 0.740013 0.74154 2.352
0.728962 0.737375 0.739213 0.740013 0.742098 2.353
0.728962 0.737375 0.739213 0.740141 0.742098 2.358
0.728962 0.738022 0.739213 0.740792 0.742098 2.36
0.730105 0.738022 0.739213 0.740792 0.742098 2.367
0.730105 0.738022 0.739849 0.740792 0.742098 2.368
0.730105 0.738223 0.739849 0.740792 0.742098 2.371
0.730105 0.738223 0.739849 0.740792 0.742589 2.372
0.730105 0.738223 0.739849 0.740792 0.742803 2.375
0.730105 0.738223 0.739849 0.740914 0.742803 2.376
0.731184 0.738223 0.739849 0.740914 0.742803 2.38
0.731184 0.738223 0.739849 0.740914 0.742973 2.381
0.731137 0.738223 0.739849 0.740914 0.743097 2.385
0.732194 0.738223 0.739849 0.740914 0.743097 2.387
0.732194 0.738389 0.739849 0.740914 0.743097 2.392
0.732194 0.738389 0.739849 0.74154 0.743097 2.396
0.733185 0.738389 0.739849 0.74154 0.743097 2.403
0.733185 0.738389 0.740013 0.74154 0.743097 2.404
0.734111 0.73851 0.740013 0.742098 0.743097 2.406
0.734111 0.738593 0.740141 0.742273 0.743097 2.407
0.734111 0.739337 0.740141 0.742273 0.743097 2.408
0.734973 0.739337 0.740141 0.742273 0.74364 2.411
0.735051 0.739337 0.740141 0.742273 0.74364 2.412
0.735051 0.739337 0.740141 0.742402 0.74364 2.415
0.735889 0.739337 0.740141 0.742402 0.74364 2.417
0.73597 0.739337 0.740141 0.742402 0.74364 2.419
0.73597 0.739337 0.740141 0.742485 0.74364 2.421
0.73597 0.739337 0.740141 0.743097 0.74364 2.425
0.73597 0.739337 0.740792 0.743097 0.74364 2.426
0.73597 0.739423 0.740792 0.743097 0.74364 2.432
0.73597 0.740141 0.740914 0.743097 0.74364 2.439
0.73597 0.740141 0.741008 0.743097 0.74364 2.44
0.737537 0.740141 0.741008 0.743097 0.74364 2.445
0.737537 0.740222 0.741008 0.743097 0.74364 2.449
0.737537 0.740222 0.741008 0.743097 0.744115 2.45
0.737537 0.740222 0.741008 0.743097 0.744282 2.452
0.738223 0.740222 0.741008 0.743097 0.744282 2.453
0.738223 0.740222 0.741008 0.743097 0.744413 2.454
0.738223 0.740222 0.741008 0.743097 0.744898 2.459
0.738389 0.740222 0.741008 0.743097 0.744898 2.461
0.738389 0.740222 0.741675 0.743097 0.744898 2.463
0.738389 0.740222 0.741675 0.74364 0.744898 2.465
0.73851 0.740222 0.741675 0.74364 0.744898 2.467
0.73851 0.740222 0.741763 0.74364 0.745032 2.469
0.73851 0.740222 0.742402 0.74364 0.745129 2.473
0.73851 0.740274 0.742402 0.74364 0.745129 2.474
0.73851 0.740274 0.742402 0.74364 0.745626 2.476
0.738593 0.740274 0.742402 0.74364 0.745626 2.48
0.738593 0.740274 0.742485 0.74364 0.745626 2.481
0.738593 0.740274 0.743097 0.74364 0.745626 2.493
0.738593 0.740274 0.743097 0.743767 0.745626 2.497
0.738593 0.741008 0.743097 0.743767 0.745626 2.498
0.738637 0.741008 0.743097 0.743767 0.745626 2.501
0.738637 0.741008 0.743097 0.743857 0.745626 2.502
0.739423 0.741008 0.743097 0.743857 0.745626 2.503
0.739423 0.741008 0.743097 0.744413 0.745626 2.505
0.739423 0.741008 0.743097 0.744413 0.74605 2.508
0.739462 0.741008 0.743097 0.744413 0.746404 2.511
0.739462 0.741008 0.743097 0.744898 0.746404 2.514
0.739462 0.741008 0.743097 0.744898 0.746687 2.517
0.739471 0.741008 0.743097 0.744898 0.746687 2.522
0.739471 0.741008 0.743097 0.745032 0.746687 2.523
0.739471 0.741008 0.743097 0.745129 0.746687 2.524
0.739471 0.741054 0.743097 0.745129 0.746687 2.529
0.739429 0.741054 0.743097 0.745129 0.746687 2.53
0.739429 0.741054 0.743097 0.745626 0.746687 2.532
0.739429 0.741054 0.74364 0.745626 0.746687 2.534
0.740277 0.741054 0.74364 0.745626 0.746687 2.535
0.740277 0.741763 0.74364 0.745626 0.746687 2.537
0.740277 0.741763 0.74364 0.745626 0.746899 2.544
0.740277 0.742402 0.74364 0.745626 0.746899 2.547
0.740277 0.742402 0.74364 0.745626 0.747148 2.549
0.740277 0.742402 0.743767 0.745626 0.747148 2.551
0.740277 0.742485 0.743767 0.745626 0.747148 2.553
0.740277 0.742485 0.743767 0.745626 0.747327 2.558
0.740277 0.742529 0.743767 0.745626 0.747327 2.563
0.740277 0.742529 0.743767 0.745626 0.74758 2.564
0.740277 0.742529 0.743857 0.74605 0.74758 2.565
0.740277 0.742529 0.743908 0.74605 0.74758 2.566
0.740277 0.743183 0.743908 0.746404 0.74758 2.568
0.74023 0.743183 0.743908 0.746404 0.74758 2.571
0.74023 0.743183 0.743908 0.746687 0.74758 2.573
0.74023 0.743183 0.744506 0.746687 0.74758 2.576
0.74023 0.743183 0.744506 0.746687 0.747724 2.577
0.74023 0.743183 0.745032 0.746687 0.747724 2.584
0.74023 0.743183 0.745129 0.746687 0.747981 2.592
0.74023 0.743183 0.745129 0.746687 0.74809 2.593
0.74023 0.743183 0.745129 0.746898 0.74809 2.594
0.74023 0.743183 0.745129 0.746898 0.748127 2.595
0.741051 0.743183 0.745129 0.746898 0.748127 2.597
0.741051 0.743183 0.745129 0.747148 0.748415 2.601
0.741051 0.743183 0.745626 0.747148 0.748415 2.603
0.741051 0.743183 0.745626 0.747363 0.748415 2.604
0.741051 0.743767 0.745626 0.747363 0.748415 2.61
0.741051 0.743767 0.745626 0.74758 0.748415 2.616
0.741051 0.743767 0.745626 0.74758 0.748415 2.619
0.741051 0.743857 0.745626 0.74758 0.748706 2.622
0.741051 0.743908 0.745626 0.74758 0.748706 2.625
0.741051 0.743919 0.745626 0.74758 0.748706 2.629
0.741051 0.743919 0.745626 0.747724 0.748706 2.635
0.741051 0.743919 0.74605 0.747724 0.748706 2.636
0.741804 0.743919 0.74605 0.747981 0.748706 2.637
0.741804 0.743919 0.746404 0.747981 0.748706 2.639
0.741804 0.743919 0.746576 0.747981 0.748706 2.64
0.741804 0.743919 0.746576 0.747981 0.748963 2.641
0.741804 0.743919 0.746576 0.747981 0.748963 2.643
0.741804 0.743919 0.746898 0.747981 0.748963 2.645
0.742529 0.74388 0.746898 0.747981 0.749186 2.647
0.742533 0.74388 0.746898 0.747981 0.749186 2.648
0.742533 0.74388 0.746898 0.747981 0.749363 2.65
0.742533 0.744566 0.746898 0.74809 0.749363 2.652
0.742533 0.744566 0.746898 0.748415 0.749363 2.653
0.742533 0.744566 0.747074 0.748415 0.749363 2.658
0.742533 0.745178 0.747074 0.748415 0.749363 2.661
0.742533 0.745178 0.747074 0.748415 0.749503 2.664
0.74323 0.745178 0.747074 0.748669 0.749503 2.669
0.74323 0.745178 0.747363 0.748669 0.749503 2.674
0.74323 0.745178 0.747363 0.748706 0.749503 2.678
0.74323 0.745716 0.747363 0.748706 0.749503 2.68
0.74323 0.745716 0.74758 0.748706 0.749503 2.688
0.74323 0.745716 0.74758 0.748706 0.749621 2.691
0.74323 0.745716 0.74758 0.748706 0.74966 2.693
0.743238 0.745716 0.74758 0.748706 0.74966 2.697
0.743238 0.745716 0.74758 0.748963 0.749621 2.7
0.743238 0.745716 0.74758 0.749186 0.749621 2.704
0.743238 0.745716 0.74758 0.749363 0.749621 2.706
0.743238 0.745716 0.747724 0.749363 0.749621 2.709
0.743238 0.745716 0.747981 0.749363 0.749621 2.71
0.743908 0.745716 0.747981 0.749363 0.749621 2.712
0.743919 0.745716 0.747981 0.749363 0.749621 2.713
0.743919 0.745716 0.747981 0.749363 0.750021 2.714
0.743919 0.746182 0.747981 0.749363 0.750021 2.715
0.74388 0.746182 0.747981 0.749363 0.750021 2.716
0.74388 0.746576 0.747981 0.749363 0.750021 2.718
0.74388 0.746576 0.747981 0.749503 0.750021 2.72
0.74388 0.746576 0.748193 0.749503 0.750021 2.722
0.74388 0.746898 0.748193 0.749503 0.750171 2.724
0.74388 0.746898 0.748369 0.749503 0.750171 2.725
0.74388 0.746898 0.748556 0.749503 0.750171 2.726
0.74388 0.747074 0.748556 0.749503 0.750171 2.727
0.74388 0.747074 0.748669 0.749503 0.750171 2.728
0.74388 0.747074 0.748669 0.749503 0.750171 2.732
0.74388 0.747074 0.748888 0.749503 0.750171 2.734
0.74388 0.747074 0.748888 0.749503 0.750315 2.739
0.74388 0.747074 0.748888 0.749764 0.750315 2.752
0.74388 0.747213 0.748963 0.749764 0.750315 2.753
0.74388 0.747542 0.748963 0.749843 0.750315 2.754
0.744566 0.747542 0.748963 0.749981 0.750315 2.757
0.744566 0.747542 0.749186 0.749981 0.750315 2.758
0.744566 0.747542 0.749186 0.750021 0.750315 2.762
0.744566 0.747542 0.749186 0.750021 0.750421 2.765
0.745178 0.747542 0.749186 0.750021 0.750421 2.766
0.745178 0.747798 0.749186 0.750021 0.750421 2.769
0.745178 0.747798 0.749363 0.750171 0.750421 2.774
0.745178 0.747798 0.749363 0.750171 0.750421 2.777
0.745178 0.747798 0.749503 0.750171 0.750421 2.778
0.745178 0.747971 0.749503 0.750171 0.750421 2.781
0.745178 0.747971 0.749503 0.750171 0.750338 2.783
0.745178 0.747971 0.749503 0.750171 0.750479 2.785
0.745716 0.747971 0.749503 0.750171 0.750479 2.786
0.745716 0.748193 0.749503 0.750171 0.750479 2.79
0.745716 0.748509 0.749606 0.750171 0.750479 2.793
0.745716 0.748509 0.749606 0.750171 0.750479 2.794
0.745716 0.748509 0.749659 0.750171 0.750479 2.796
0.745716 0.748509 0.749659 0.750315 0.750479 2.8
0.745716 0.748509 0.749659 0.750315 0.750352 2.805
0.745716 0.748736 0.749659 0.750315 0.750352 2.807
0.745716 0.748888 0.749659 0.750315 0.750352 2.809
0.745768 0.748888 0.749659 0.750315 0.750352 2.811
0.745768 0.748888 0.749659 0.750315 0.750496 2.813
0.745768 0.748888 0.749683 0.750315 0.750496 2.815
0.746277 0.748888 0.749683 0.750421 0.750496 2.822
0.746277 0.749071 0.749683 0.750421 0.750669 2.824
0.746859 0.749071 0.749683 0.750421 0.750669 2.826
0.746859 0.749071 0.749927 0.750421 0.750669 2.829
0.746859 0.749071 0.75009 0.750421 0.750669 2.831
0.747357 0.749071 0.75009 0.750421 0.750669 2.832
0.747357 0.749186 0.75009 0.750421 0.750669 2.835
0.747357 0.749186 0.75009 0.750421 0.750582 2.837
0.747357 0.749186 0.750171 0.750421 0.750582 2.839
0.747357 0.749186 0.750171 0.750521 0.750582 2.844
0.747357 0.749186 0.750171 0.750479 0.750582 2.846
0.747357 0.749363 0.750171 0.750479 0.750582 2.849
0.747357 0.749503 0.750171 0.750479 0.750582 2.851
0.747371 0.749503 0.750171 0.750479 0.750652 2.861
0.747827 0.749503 0.750171 0.750479 0.750652 2.862
0.747843 0.749503 0.750171 0.750479 0.750652 2.864
0.747843 0.749659 0.750171 0.750581 0.750652 2.866
0.747809 0.749659 0.750171 0.750496 0.750652 2.869
0.747809 0.749659 0.750171 0.750496 0.750652 2.872
0.747809 0.749683 0.750171 0.750496 0.750652 2.874
0.747734 0.749683 0.750171 0.750496 0.750652 2.875
0.747734 0.749683 0.750315 0.750496 0.750652 2.876
0.748246 0.749683 0.750315 0.750496 0.750652 2.878
0.748246 0.749683 0.750315 0.750612 0.750652 2.879
0.748246 0.749683 0.750315 0.750669 0.750652 2.882
0.748246 0.749683 0.750479 0.750669 0.750652 2.894
0.748173 0.749683 0.750479 0.750669 0.750652 2.897
0.748651 0.749683 0.750479 0.750669 0.750652 2.899
0.748651 0.749683 0.750479 0.750582 0.750652 2.901
0.748651 0.749683 0.750479 0.750582 0.750672 2.905
0.748651 0.749683 0.750479 0.750582 0.750652 2.907
0.748651 0.749927 0.750479 0.750582 0.750652 2.913
0.748651 0.75009 0.750479 0.750582 0.750652 2.915
0.748651 0.75009 0.750496 0.750582 0.750652 2.917
0.749049 0.75009 0.750612 0.750582 0.750652 2.918
0.749367 0.75009 0.750612 0.750582 0.750652 2.92
0.749367 0.75009 0.750612 0.750652 0.750652 2.922
0.749367 0.750171 0.750612 0.750652 0.750652 2.924
0.749367 0.750171 0.750655 0.750652 0.750652 2.926
0.749367 0.750274 0.750669 0.750652 0.750652 2.927
0.749606 0.750274 0.750669 0.750652 0.750652 2.947
0.749606 0.750274 0.750669 0.750652 0.750606 2.949
0.749606 0.750338 0.750669 0.750652 0.750606 2.95
0.749659 0.750352 0.750669 0.750652 0.750606 2.953
0.749683 0.750352 0.750669 0.750652 0.750606 2.954
0.749683 0.750479 0.750669 0.750652 0.750606 2.958
0.749683 0.750479 0.750669 0.750672 0.750606 2.968
0.749683 0.750496 0.750669 0.750652 0.750606 2.969
0.749656 0.750496 0.750669 0.750652 0.750606 2.979
0.749656 0.750496 0.750669 0.750652 0.750589 2.981
0.749656 0.750496 0.750582 0.750652 0.750589 2.982
0.749587 0.750496 0.750582 0.750652 0.750589 2.984
0.749587 0.750482 0.750582 0.750652 0.750589 2.986
0.749587 0.750482 0.750652 0.750652 0.750589 2.995
0.749587 0.750482 0.750652 0.750652 0.750529 2.997
0.749587 0.750582 0.750652 0.750652 0.750529 3.006
0.749587 0.750669 0.750652 0.750652 0.750529 3.013
0.749587 0.750669 0.750652 0.750606 0.750529 3.016
0.749587 0.750669 0.750652 0.750606 0.750483 3.021
0.749587 0.750669 0.750652 0.750589 0.750483 3.026
0.749921 0.750669 0.750652 0.750589 0.750483 3.028
0.750171 0.750669 0.750652 0.750589 0.750483 3.03
0.750141 0.750669 0.750652 0.750589 0.750483 3.031
0.750141 0.750669 0.750672 0.750589 0.750483 3.033
0.750141 0.750669 0.750672 0.750589 0.750483 3.037
0.750352 0.750669 0.750672 0.750589 0.750483 3.039
0.750352 0.750669 0.750652 0.750589 0.750483 3.045
0.750352 0.750669 0.750652 0.750529 0.750483 3.049
0.750325 0.750669 0.750652 0.750529 0.750483 3.051
0.750266 0.750669 0.750652 0.750529 0.750483 3.059
0.750266 0.750582 0.750652 0.750529 0.750483 3.071
0.750266 0.750652 0.750652 0.750529 0.750483 3.073
0.750482 0.750652 0.750652 0.750529 0.750483 3.074
0.750482 0.750652 0.750652 0.750529 0.750416 3.075
0.750482 0.750652 0.750652 0.750529 0.750306 3.076
0.750482 0.750672 0.750652 0.750529 0.750306 3.077
0.750482 0.750672 0.750589 0.750529 0.750306 3.085
0.750482 0.750672 0.750589 0.750483 0.750306 3.089
0.750407 0.750672 0.750589 0.750483 0.750306 3.096
0.750407 0.750672 0.750589 0.750483 0.750306 3.1
0.750407 0.750652 0.750589 0.750483 0.750306 3.101
0.750407 0.750652 0.750529 0.750483 0.750306 3.113
0.750298 0.750652 0.750529 0.750416 0.750306 3.116
0.750298 0.750589 0.750529 0.750416 0.750306 3.121
0.750519 0.750589 0.750529 0.750416 0.750306 3.124
0.750403 0.750589 0.750529 0.750416 0.750306 3.128
0.750583 0.750589 0.750529 0.750416 0.750258 3.132