0.067
0.078
0.079
0.08
0.081
0.082
0.083
0.084
0.086
0.088
0.089
0.093
0.098
0.099
0.1
0.101
0.103
0.104
0.106
0.107
0.109
0.11
0.111
0.112
0.113
0.115
0.116
0.117
0.118
0.119
0.121
0.122
0.123
0.124
0.126
0.127
0.128
0.129
0.13
0.131
0.132
0.133
0.134
0.135
0.136
0.137
0.138
0.139
0.14
0.141
0.142
0.143
0.144
0.145
0.146
0.147
0.148
0.149
0.15
0.151
0.152
0.153
0.154
0.155
0.156
0.157
0.158
0.16
0.161
0.162
0.163
0.164
0.165
0.166
0.167
0.168
0.169
0.17
0.171
0.173
0.174
0.175
0.176
0.177
0.178
0.179
0.18
0.181
0.182
0.183
0.184
0.185
0.186
0.187
0.189
0.19
0.191
0.193
0.194
0.195
0.196
0.197
0.198
0.2
0.201
0.202
0.203
0.204
0.205
0.206
0.207
0.208
0.209
0.21
0.211
0.212
0.213
0.214
0.216
0.217
0.218
0.219
0.22
0.221
0.222
0.223
0.224
0.225
0.227
0.228
0.229
0.23
0.231
0.232
0.233
0.234
0.235
0.236
0.237
0.238
0.239
0.241
0.242
0.243
0.245
0.246
0.247
0.248
0.249
0.25
0.251
0.252
0.253
0.254
0.255
0.256
0.257
0.258
0.259
0.26
0.261
0.262
0.263
0.265
0.266
0.267
0.268
0.269
0.27
0.271
0.272
0.273
0.274
0.275
0.276
0.277
0.278
0.279
0.28
0.281
0.282
0.283
0.284
0.285
0.286
0.287
0.288
0.289
0.29
0.291
0.292
0.293
0.294
0.295
0.296
0.297
0.298
0.299
0.3
0.301
0.302
0.303
0.304
0.305
0.306
0.307
0.308
0.309
0.31
0.311
0.312
0.314
0.315
0.316
0.317
0.318
0.319
0.32
0.322
0.324
0.325
0.326
0.327
0.328
0.329
0.33
0.331
0.332
0.333
0.334
0.336
0.337
0.338
0.339
0.34
0.341
0.342
0.343
0.344
0.345
0.346
0.347
0.348
0.349
0.35
0.351
0.352
0.353
0.354
0.355
0.356
0.357
0.358
0.359
0.36
0.361
0.362
0.363
0.364
0.365
0.366
0.367
0.368
0.369
0.37
0.371
0.372
0.373
0.374
0.375
0.376
0.377
0.378
0.379
0.38
0.381
0.382
0.383
0.384
0.385
0.387
0.388
0.39
0.391
0.392
0.393
0.394
0.396
0.397
0.398
0.399
0.401
0.402
0.403
0.404
0.405
0.406
0.407
0.409
0.41
0.411
0.412
0.413
0.414
0.415
0.416
0.417
0.418
0.419
0.42
0.421
0.422
0.423
0.424
0.425
0.426
0.427
0.428
0.429
0.43
0.431
0.432
0.433
0.434
0.435
0.436
0.437
0.438
0.439
0.44
0.441
0.442
0.443
0.444
0.445
0.446
0.447
0.448
0.449
0.45
0.452
0.453
0.454
0.455
0.456
0.457
0.458
0.459
0.46
0.461
0.462
0.463
0.464
0.465
0.466
0.467
0.468
0.469
0.47
0.471
0.472
0.473
0.474
0.475
0.476
0.477
0.478
0.479
0.48
0.481
0.482
0.483
0.484
0.485
0.486
0.487
0.488
0.489
0.49
0.491
0.492
0.493
0.494
0.496
0.498
0.499
0.5
0.501
0.502
0.503
0.505
0.507
0.508
0.509
0.51
0.511
0.512
0.513
0.514
0.515
0.516
0.517
0.519
0.52
0.521
0.522
0.523
0.524
0.525
0.526
0.527
0.528
0.529
0.53
0.531
0.532
0.535
0.536
0.537
0.538
0.539
0.54
0.541
0.542
0.543
0.544
0.545
0.546
0.547
0.548
0.549
0.55
0.552
0.553
0.554
0.555
0.557
0.558
0.559
0.56
0.561
0.563
0.564
0.565
0.567
0.568
0.569
0.57
0.572
0.573
0.574
0.575
0.576
0.578
0.579
0.58
0.581
0.582
0.583
0.584
0.585
0.586
0.587
0.588
0.589
0.59
0.591
0.593
0.595
0.596
0.597
0.598
0.6
0.601
0.603
0.604
0.605
0.606
0.607
0.608
0.61
0.611
0.612
0.614
0.615
0.616
0.617
0.618
0.619
0.62
0.621
0.622
0.623
0.625
0.626
0.627
0.629
0.631
0.634
0.636
0.638
0.639
0.64
0.641
0.643
0.645
0.646
0.649
0.65
0.651
0.653
0.654
0.655
0.656
0.657
0.658
0.659
0.662
0.663
0.664
0.666
0.667
0.669
0.671
0.672
0.673
0.674
0.676
0.677
0.678
0.681
0.682
0.683
0.684
0.686
0.687
0.688
0.689
0.692
0.694
0.695
0.696
0.698
0.699
0.7
0.701
0.702
0.703
0.704
0.705
0.707
0.709
0.711
0.712
0.713
0.715
0.716
0.717
0.719
0.72
0.721
0.723
0.725
0.728
0.732
0.735
0.736
0.738
0.739
0.74
0.741
0.742
0.743
0.744
0.746
0.747
0.749
0.75
0.752
0.755
0.756
0.757
0.759
0.761
0.762
0.763
0.764
0.765
0.767
0.769
0.771
0.772
0.774
0.775
0.776
0.778
0.779
0.782
0.784
0.785
0.786
0.787
0.788
0.791
0.792
0.793
0.794
0.796
0.799
0.8
0.802
0.803
0.805
0.806
0.809
0.81
0.811
0.812
0.815
0.816
0.817
0.818
0.819
0.82
0.821
0.823
0.824
0.826
0.83
0.832
0.833
0.834
0.835
0.836
0.837
0.838
0.839
0.841
0.842
0.843
0.844
0.846
0.847
0.848
0.849
0.85
0.852
0.853
0.855
0.857
0.858
0.859
0.861
0.862
0.863
0.864
0.865
0.868
0.871
0.874
0.875
0.876
0.877
0.878
0.879
0.883
0.885
0.886
0.888
0.889
0.891
0.892
0.896
0.898
0.899
0.901
0.903
0.906
0.908
0.909
0.91
0.913
0.914
0.915
0.916
0.917
0.92
0.922
0.924
0.927
0.928
0.93
0.933
0.938
0.939
0.941
0.942
0.943
0.944
0.95
0.951
0.954
0.957
0.96
0.961
0.963
0.964
0.965
0.966
0.967
0.969
0.971
0.972
0.977
0.978
0.98
0.982
0.983
0.985
0.986
0.987
0.99
0.992
0.994
0.996
0.998
1.0
1.003
1.006
1.008
1.009
1.01
1.015
1.016
1.018
1.019
1.022
1.024
1.026
1.029
1.03
1.032
1.033
1.034
1.035
1.037
1.039
1.041
1.045
1.048
1.049
1.056
1.057
1.059
1.06
1.062
1.063
1.066
1.067
1.069
1.07
1.072
1.073
1.075
1.076
1.077
1.08
1.081
1.082
1.083
1.084
1.086
1.087
1.088
1.089
1.09
1.092
1.094
1.095
1.096
1.101
1.103
1.105
1.107
1.108
1.109
1.11
1.111
1.112
1.113
1.114
1.118
1.119
1.121
1.125
1.126
1.127
1.128
1.13
1.131
1.135
1.136
1.14
1.142
1.144
1.145
1.146
1.147
1.148
1.149
1.15
1.152
1.154
1.155
1.161
1.162
1.163
1.165
1.166
1.169
1.175
1.176
1.177
1.179
1.18
1.181
1.184
1.185
1.186
1.187
1.189
1.19
1.191
1.193
1.195
1.196
1.201
1.202
1.203
1.204
1.205
1.209
1.211
1.212
1.213
1.214
1.215
1.219
1.221
1.222
1.226
1.228
1.229
1.23
1.232
1.234
1.236
1.238
1.243
1.245
1.251
1.254
1.258
1.262
1.264
1.265
1.266
1.267
1.27
1.271
1.272
1.273
1.279
1.28
1.283
1.284
1.286
1.288
1.289
1.293
1.297
1.299
1.3
1.301
1.303
1.307
1.31
1.311
1.316
1.323
1.325
1.33
1.331
1.332
1.333
1.335
1.34
1.343
1.344
1.351
1.354
1.355
1.36
1.361
1.362
1.365
1.37
1.374
1.381
1.382
1.384
1.385
1.387
1.392
1.394
1.398
1.4
1.401
1.402
1.403
1.411
1.414
1.416
1.419
1.422
1.429
1.43
1.431
1.434
1.437
1.439
1.44
1.441
1.444
1.447
1.453
1.455
1.46
1.467
1.469
1.47
1.471
1.473
1.474
1.483
1.488
1.49
1.496
1.497
1.498
1.5
1.503
1.508
1.51
1.513
1.514
1.515
1.524
1.528
1.529
1.53
1.532
1.533
1.534
1.541
1.542
1.548
1.549
1.551
1.556
1.559
1.56
1.562
1.566
1.567
1.568
1.569
1.571
1.572
1.575
1.576
1.579
1.584
1.586
1.591
1.593
1.599
1.602
1.603
1.604
1.609
1.61
1.611
1.614
1.617
1.62
1.622
1.628
1.63
1.632
1.633
1.636
1.637
1.639
1.64
1.643
1.645
1.646
1.649
1.65
1.653
1.659
1.669
1.672
1.675
1.676
1.678
1.682
1.685
1.69
1.696
1.704
1.705
1.706
1.709
1.71
1.711
1.712
1.715
1.717
1.718
1.72
1.724
1.733
1.734
1.737
1.741
1.745
1.749
1.751
1.755
1.756
1.76
1.761
1.765
1.777
1.78
1.786
1.787
1.789
1.79
1.793
1.797
1.803
1.805
1.806
1.811
1.813
1.817
1.821
1.823
1.829
1.831
1.835
1.836
1.84
1.844
1.854
1.859
1.86
1.861
1.867
1.872
1.875
1.876
1.88
1.884
1.886
1.887
1.896
1.899
1.903
1.904
1.914
1.916
1.918
1.924
1.928
1.929
1.93
1.931
1.933
1.941
1.946
1.948
1.952
1.963
1.966
1.967
1.968
1.97
1.973
1.976
1.979
1.981
1.982
1.983
1.985
1.986
1.999
2.0
2.002
2.006
2.009
2.015
2.017
2.018
2.019
2.023
2.024
2.027
2.028
2.03
2.036
2.041
2.042
2.043
2.044
2.047
2.051
2.052
2.054
2.058
2.059
2.06
2.061
2.063
2.064
2.065
2.071
2.072
2.074
2.076
2.077
2.08
2.083
2.086
2.087
2.089
2.095
2.097
2.098
2.101
2.104
2.107
2.109
2.11
2.113
2.115
2.116
2.121
2.122
2.125
2.126
2.129
2.133
2.134
2.135
2.136
2.138
2.141
2.142
2.145
2.148
2.149
2.151
2.155
2.156
2.157
2.163
2.164
2.166
2.169
2.171
2.172
2.173
2.176
2.177
2.18
2.181
2.183
2.184
2.186
2.187
2.191
2.194
2.196
2.197
2.206
2.212
2.213
2.214
2.215
2.216
2.217
2.22
2.222
2.223
2.224
2.226
2.227
2.229
2.23
2.231
2.234
2.235
2.237
2.242
2.244
2.245
2.247
2.249
2.252
2.253
2.257
2.258
2.259
2.263
2.269
2.271
2.275
2.276
2.277
2.278
2.281
2.284
2.285
2.289
2.29
2.292
2.297
2.3
2.304
2.307
2.312
2.315
2.318
2.319
2.324
2.326
2.329
2.334
2.337
2.338
2.339
2.341
2.343
2.344
2.346
2.347
2.348
2.35
2.352
2.353
2.358
2.36
2.367
2.368
2.371
2.372
2.375
2.376
2.38
2.381
2.385
2.387
2.392
2.396
2.403
2.404
2.406
2.407
2.408
2.411
2.412
2.415
2.417
2.419
2.421
2.425
2.426
2.432
2.439
2.44
2.445
2.449
2.45
2.452
2.453
2.454
2.459
2.461
2.463
2.465
2.467
2.469
2.473
2.474
2.476
2.48
2.481
2.493
2.497
2.498
2.501
2.502
2.503
2.505
2.508
2.511
2.514
2.517
2.522
2.523
2.524
2.529
2.53
2.532
2.534
2.535
2.537
2.544
2.547
2.549
2.551
2.553
2.558
2.563
2.564
2.565
2.566
2.568
2.571
2.573
2.576
2.577
2.584
2.592
2.593
2.594
2.595
2.597
2.601
2.603
2.604
2.61
2.616
2.619
2.622
2.625
2.629
2.635
2.636
2.637
2.639
2.64
2.641
2.643
2.645
2.647
2.648
2.65
2.652
2.653
2.658
2.661
2.664
2.669
2.674
2.678
2.68
2.688
2.691
2.693
2.697
2.7
2.704
2.706
2.709
2.71
2.712
2.713
2.714
2.715
2.716
2.718
2.72
2.722
2.724
2.725
2.726
2.727
2.728
2.732
2.734
2.739
2.752
2.753
2.754
2.757
2.758
2.762
2.765
2.766
2.769
2.774
2.777
2.778
2.781
2.783
2.785
2.786
2.79
2.793
2.794
2.796
2.8
2.805
2.807
2.809
2.811
2.813
2.815
2.822
2.824
2.826
2.829
2.831
2.832
2.835
2.837
2.839
2.844
2.846
2.849
2.851
2.861
2.862
2.864
2.866
2.869
2.872
2.874
2.875
2.876
2.878
2.879
2.882
2.894
2.897
2.899
2.901
2.905
2.907
2.913
2.915
2.917
2.918
2.92
2.922
2.924
2.926
2.927
2.947
2.949
2.95
2.953
2.954
2.958
2.968
2.969
2.979
2.981
2.982
2.984
2.986
2.995
2.997
3.006
3.013
3.016
3.021
3.026
3.028
3.03
3.031
3.033
3.037
3.039
3.045
3.049
3.051
3.059
3.071
3.073
3.074
3.075
3.076
3.077
3.085
3.089
3.096
3.1
3.101
3.113
3.116
3.121
3.124
3.128
3.132