0.067
0.078
0.079
0.08
0.081
0.082
0.083
0.084
0.086
0.088
0.089
0.093
0.098
0.099
0.1
0.101
0.103
0.104
0.106
0.107
0.109
0.11
0.111
0.112
0.115
0.116
0.118
0.119
0.121
0.122
0.123
0.124
0.126
0.127
0.129
0.13
0.131
0.132
0.133
0.134
0.135
0.136
0.137
0.138
0.139
0.14
0.141
0.142
0.143
0.144
0.145
0.146
0.147
0.148
0.149
0.15
0.151
0.152
0.153
0.154
0.156
0.157
0.158
0.16
0.161
0.162
0.163
0.164
0.165
0.166
0.167
0.168
0.169
0.17
0.171
0.173
0.174
0.175
0.176
0.178
0.179
0.18
0.181
0.183
0.184
0.185
0.186
0.187
0.189
0.19
0.191
0.193
0.194
0.195
0.196
0.197
0.198
0.2
0.201
0.202
0.203
0.204
0.205
0.206
0.207
0.208
0.209
0.21
0.211
0.212
0.213
0.214
0.216
0.217
0.218
0.219
0.22
0.221
0.223
0.224
0.225
0.227
0.228
0.229
0.23
0.231
0.232
0.233
0.234
0.235
0.236
0.238
0.239
0.242
0.243
0.245
0.246
0.247
0.248
0.249
0.25
0.251
0.252
0.253
0.254
0.255
0.256
0.257
0.258
0.259
0.261
0.262
0.263
0.265
0.266
0.267
0.268
0.269
0.27
0.271
0.272
0.273
0.274
0.275
0.276
0.277
0.28
0.281
0.282
0.283
0.284
0.285
0.287
0.288
0.289
0.29
0.291
0.293
0.294
0.295
0.296
0.297
0.298
0.299
0.3
0.301
0.302
0.303
0.304
0.305
0.306
0.307
0.308
0.31
0.311
0.312
0.314
0.315
0.316
0.318
0.319
0.32
0.322
0.324
0.325
0.326
0.327
0.328
0.329
0.33
0.331
0.332
0.333
0.334
0.336
0.337
0.338
0.339
0.341
0.343
0.344
0.346
0.347
0.348
0.349
0.35
0.351
0.353
0.354
0.356
0.357
0.358
0.361
0.362
0.363
0.364
0.365
0.367
0.368
0.369
0.37
0.372
0.373
0.375
0.377
0.379
0.38
0.381
0.382
0.383
0.384
0.388
0.39
0.391
0.392
0.393
0.394
0.396
0.399
0.401
0.402
0.403
0.404
0.406
0.407
0.409
0.411
0.412
0.413
0.414
0.415
0.416
0.418
0.42
0.421
0.422
0.424
0.425
0.426
0.427
0.428
0.429
0.43
0.432
0.433
0.434
0.436
0.437
0.438
0.439
0.44
0.442
0.443
0.446
0.447
0.449
0.453
0.455
0.456
0.457
0.458
0.459
0.46
0.461
0.462
0.463
0.464
0.465
0.466
0.467
0.469
0.471
0.472
0.473
0.474
0.475
0.476
0.478
0.48
0.481
0.482
0.486
0.489
0.49
0.491
0.492
0.493
0.494
0.496
0.5
0.502
0.503
0.505
0.508
0.509
0.51
0.513
0.514
0.515
0.516
0.517
0.519
0.52
0.527
0.528
0.529
0.53
0.531
0.532
0.535
0.537
0.538
0.539
0.541
0.542
0.543
0.544
0.545
0.546
0.547
0.549
0.55
0.554
0.557
0.558
0.559
0.561
0.563
0.564
0.565
0.568
0.569
0.571
0.572
0.574
0.576
0.58
0.582
0.584
0.585
0.588
0.59
0.591
0.593
0.596
0.599
0.604
0.605
0.606
0.607
0.612
0.614
0.615
0.619
0.621
0.622
0.623
0.625
0.626
0.627
0.629
0.631
0.636
0.638
0.64
0.641
0.643
0.65
0.651
0.654
0.655
0.657
0.658
0.659
0.662
0.667
0.669
0.673
0.674
0.676
0.677
0.679
0.681
0.683
0.686
0.688
0.689
0.692
0.694
0.7
0.701
0.703
0.704
0.705
0.708
0.711
0.713
0.716
0.719
0.72
0.721
0.725
0.732
0.735
0.737
0.738
0.739
0.74
0.741
0.743
0.744
0.75
0.754
0.756
0.757
0.759
0.761
0.762
0.766
0.767
0.772
0.775
0.777
0.778
0.779
0.782
0.784
0.785
0.788
0.791
0.792
0.793
0.794
0.796
0.799
0.802
0.805
0.809
0.811
0.812
0.815
0.816
0.817
0.819
0.82
0.821
0.83
0.832
0.833
0.836
0.837
0.839
0.841
0.843
0.844
0.852
0.853
0.857
0.858
0.859
0.862
0.863
0.864
0.874
0.876
0.878
0.879
0.885
0.889
0.891
0.892
0.898
0.901
0.903
0.91
0.913
0.919
0.92
0.922
0.924
0.927
0.93
0.933
0.941
0.942
0.944
0.951
0.954
0.957
0.96
0.964
0.965
0.966
0.967
0.969
0.973
0.978
0.98
0.982
0.985
0.987
0.991
0.992
0.994
0.996
0.998
1.0
1.009
1.016
1.018
1.022
1.024
1.029
1.033
1.034
1.035
1.037
1.039
1.045
1.048
1.049
1.056
1.057
1.059
1.062
1.068
1.07
1.076
1.077
1.08
1.081
1.083
1.086
1.087
1.089
1.09
1.092
1.096
1.101
1.105
1.109
1.11
1.111
1.113
1.114
1.118
1.119
1.121
1.125
1.126
1.129
1.13
1.131
1.142
1.144
1.145
1.146
1.152
1.154
1.161
1.162
1.163
1.165
1.169
1.176
1.179
1.18
1.184
1.185
1.186
1.187
1.189
1.191
1.196
1.201
1.202
1.203
1.211
1.212
1.219
1.222
1.226
1.228
1.229
1.23
1.234
1.236
1.238
1.243
1.246
1.262
1.265
1.266
1.267
1.27
1.273
1.279
1.283
1.3
1.303
1.307
1.311
1.316
1.323
1.329
1.333
1.344
1.351
1.354
1.359
1.362
1.37
1.384
1.397
1.4
1.401
1.429
1.431
1.438
1.439
1.44
1.441
1.455
1.469
1.471
1.474
1.483
1.488
1.496
1.513
1.514
1.515
1.524
1.529
1.532
1.533
1.541
1.542
1.548
1.549
1.551
1.556
1.559
1.56
1.567
1.573
1.575
1.576
1.586
1.591
1.593
1.602
1.61
1.611
1.62
1.622
1.63
1.636
1.637
1.639
1.64
1.65
1.653
1.659
1.669
1.675
1.679
1.685
1.69
1.704
1.705
1.712
1.715
1.717
1.718
1.724
1.735
1.737
1.745
1.751
1.756
1.76
1.789
1.806
1.813
1.831
1.835
1.853
1.859
1.86
1.872
1.876
1.884
1.886
1.895
1.903
1.914
1.924
1.928
1.929
1.93
1.933
1.941
1.946
1.948
1.968
1.97
1.973
1.979
1.982
1.983
1.985
1.986
1.999
2.0
2.006
2.015
2.018
2.024
2.027
2.029
2.03
2.041
2.042
2.044
2.051
2.052
2.06
2.061
2.064
2.071
2.074
2.08
2.086
2.087
2.089
2.097
2.101
2.104
2.107
2.109
2.115
2.122
2.133
2.134
2.135
2.136
2.138
2.141
2.142
2.148
2.149
2.151
2.156
2.163
2.164
2.166
2.169
2.171
2.172
2.173
2.18
2.184
2.186
2.191
2.194
2.197
2.212
2.217
2.22
2.222
2.223
2.224
2.227
2.229
2.23
2.231
2.234
2.245
2.248
2.249
2.252
2.253
2.258
2.259
2.274
2.278
2.284
2.285
2.29
2.292
2.297
2.304
2.307
2.312
2.315
2.319
2.326
2.338
2.343
2.348
2.352
2.353
2.36
2.367
2.368
2.372
2.38
2.387
2.396
2.403
2.406
2.408
2.411
2.417
2.426
2.439
2.445
2.45
2.453
2.459
2.463
2.465
2.473
2.476
2.493
2.498
2.503
2.505
2.508
2.511
2.514
2.517
2.532
2.534
2.535
2.537
2.544
2.547
2.558
2.565
2.568
2.573
2.576
2.577
2.584
2.593
2.595
2.597
2.601
2.603
2.609
2.615
2.619
2.635
2.636
2.637
2.639
2.646
2.647
2.652
2.654
2.661
2.669
2.674
2.678
2.68
2.688
2.691
2.693
2.701
2.709
2.712
2.715
2.718
2.724
2.726
2.728
2.732
2.752
2.753
2.754
2.757
2.762
2.766
2.769
2.777
2.783
2.786
2.79
2.794
2.805
2.807
2.809
2.822
2.826
2.829
2.831
2.832
2.835
2.837
2.839
2.846
2.862
2.869
2.872
2.878
2.899
2.901
2.913
2.915
2.918
2.92
2.924
2.926
2.947
2.949
2.958
2.982
3.006
3.013
3.016
3.021
3.028
3.03
3.037
3.039
3.071
3.075
3.089
3.1
3.124
3.132
