0.667237 0.667237 0.667237 0.667237 0.667237 0.067
0.667237 0.667237 0.667237 0.667237 0.667693 0.078
0.667237 0.667237 0.667237 0.667237 0.668022 0.079
0.667237 0.667237 0.667237 0.667693 0.668022 0.08
0.667237 0.667237 0.667237 0.668022 0.668022 0.081
0.667237 0.667237 0.667693 0.668022 0.668148 0.082
0.667237 0.667237 0.668022 0.668022 0.668148 0.083
0.667237 0.667693 0.668022 0.668148 0.668148 0.084
0.667237 0.668022 0.668148 0.668148 0.668148 0.086
0.667693 0.668022 0.668148 0.668148 0.668148 0.088
0.668022 0.668148 0.668148 0.668148 0.668148 0.089
0.668148 0.668148 0.668148 0.668148 0.668148 0.093
0.668148 0.668148 0.668148 0.668148 0.668248 0.098
0.668148 0.668148 0.668148 0.668148 0.668313 0.099
0.668148 0.668148 0.668148 0.668248 0.668313 0.1
0.668148 0.668148 0.668148 0.668313 0.668313 0.101
0.668148 0.668148 0.668248 0.668313 0.668313 0.103
0.668148 0.668148 0.668313 0.668313 0.668313 0.104
0.668148 0.668248 0.668313 0.668313 0.668313 0.106
0.668148 0.668313 0.668313 0.668313 0.668313 0.107
0.668148 0.668313 0.668313 0.668313 0.668355 0.109
0.668248 0.668313 0.668313 0.668313 0.668372 0.11
0.668313 0.668313 0.668313 0.668313 0.668372 0.111
0.668313 0.668313 0.668313 0.668372 0.668372 0.112
0.668313 0.668313 0.668372 0.668372 0.668372 0.115
0.668313 0.668313 0.668372 0.668372 0.668327 0.116
0.668313 0.668355 0.668372 0.668372 0.668327 0.118
0.668313 0.668372 0.668372 0.668327 0.668327 0.119
0.668313 0.668372 0.668372 0.668327 0.668182 0.121
0.668313 0.668372 0.668327 0.668327 0.668182 0.122
0.668372 0.668372 0.668327 0.668327 0.668182 0.123
0.668372 0.668372 0.668327 0.668182 0.668078 0.124
0.668372 0.668327 0.668327 0.668078 0.668078 0.126
0.668372 0.668327 0.668182 0.668078 0.667942 0.127
0.668372 0.668327 0.668182 0.668078 0.667785 0.129
0.668372 0.668327 0.668078 0.667942 0.667785 0.13
0.668327 0.668182 0.668078 0.667942 0.667785 0.131
0.668327 0.668182 0.668078 0.667785 0.667785 0.132
0.668327 0.668182 0.668078 0.667785 0.667411 0.133
0.668327 0.668078 0.667942 0.667785 0.666939 0.134
0.668327 0.668078 0.667785 0.667785 0.666939 0.135
0.668182 0.668078 0.667785 0.667411 0.666939 0.136
0.668182 0.668078 0.667785 0.666939 0.666939 0.137
0.668182 0.667942 0.667785 0.666939 0.666939 0.138
0.668078 0.667785 0.667785 0.666939 0.666382 0.139
0.668078 0.667785 0.667411 0.666939 0.666382 0.14
0.668078 0.667785 0.666939 0.666939 0.666382 0.141
0.668078 0.667785 0.666939 0.666665 0.666382 0.142
0.667942 0.667785 0.666939 0.666382 0.666382 0.143
0.667942 0.667411 0.666939 0.666382 0.665743 0.144
0.667785 0.666939 0.666939 0.666382 0.664635 0.145
0.667785 0.666939 0.666665 0.666382 0.664635 0.146
0.667785 0.666939 0.666382 0.666382 0.664635 0.147
0.667785 0.666939 0.666382 0.665024 0.664635 0.148
0.667785 0.666939 0.666382 0.664635 0.664635 0.149
0.667411 0.666665 0.666382 0.664635 0.663797 0.15
0.666939 0.666382 0.666382 0.664635 0.663797 0.151
0.666939 0.666382 0.665024 0.664635 0.663797 0.152
0.666939 0.666382 0.664635 0.664635 0.663797 0.153
0.666939 0.666382 0.664635 0.663797 0.662888 0.154
0.666665 0.665743 0.664635 0.663797 0.661907 0.156
0.666382 0.664635 0.664635 0.663797 0.661907 0.157
0.666382 0.664635 0.663797 0.662888 0.66139 0.158
0.666382 0.664635 0.663797 0.661907 0.66085 0.16
0.666382 0.664635 0.663797 0.661907 0.660305 0.161
0.666382 0.664635 0.662888 0.66139 0.660305 0.162
0.664635 0.663797 0.662888 0.66085 0.660305 0.163
0.664635 0.663797 0.661907 0.66085 0.660305 0.164
0.664635 0.663797 0.661907 0.660305 0.659154 0.165
0.664635 0.663797 0.66139 0.660305 0.659154 0.166
0.664635 0.662888 0.66139 0.660305 0.659154 0.167
0.664635 0.662888 0.66085 0.660305 0.659154 0.168
0.663797 0.661907 0.66085 0.659154 0.657302 0.169
0.663797 0.661907 0.660305 0.659154 0.655995 0.17
0.663797 0.66139 0.660305 0.659154 0.654624 0.171
0.663797 0.66085 0.660305 0.655995 0.653196 0.173
0.662888 0.66085 0.659154 0.655995 0.653196 0.174
0.662888 0.660305 0.659154 0.654624 0.652466 0.175
0.661907 0.660305 0.659154 0.653196 0.652466 0.176
0.66139 0.660305 0.655995 0.653196 0.652466 0.178
0.66139 0.659154 0.655995 0.652466 0.650955 0.179
0.66085 0.659154 0.654624 0.652466 0.648593 0.18
0.660305 0.659154 0.653196 0.652466 0.647784 0.181
0.660305 0.657302 0.653196 0.652466 0.647784 0.183
0.660305 0.655995 0.652466 0.648593 0.647784 0.184
0.660305 0.654624 0.652466 0.647784 0.646117 0.185
0.659154 0.654624 0.652466 0.647784 0.646117 0.186
0.659154 0.653196 0.652466 0.647784 0.646117 0.187
0.659154 0.652466 0.648593 0.646117 0.646117 0.189
0.657932 0.652466 0.647784 0.646117 0.646117 0.19
0.655995 0.652466 0.647784 0.646117 0.646117 0.191
0.654624 0.652466 0.647784 0.646117 0.646117 0.193
0.653196 0.650183 0.646117 0.646117 0.644406 0.194
0.653196 0.648593 0.646117 0.646117 0.643526 0.195
0.653196 0.647784 0.646117 0.646117 0.643526 0.196
0.652466 0.647784 0.646117 0.646117 0.642644 0.197
0.652466 0.647784 0.646117 0.644406 0.642644 0.198
0.652466 0.646117 0.646117 0.643526 0.641744 0.2
0.652466 0.646117 0.646117 0.642644 0.641744 0.201
0.650183 0.646117 0.646117 0.642644 0.639924 0.202
0.647784 0.646117 0.646117 0.642644 0.639924 0.203
0.647784 0.646117 0.644406 0.641744 0.639924 0.204
0.647784 0.646117 0.643526 0.641744 0.639924 0.205
0.647784 0.646117 0.643526 0.639924 0.638046 0.206
0.647784 0.646117 0.642644 0.639924 0.638046 0.207
0.646117 0.646117 0.642644 0.639924 0.638046 0.208
0.646117 0.646117 0.642644 0.639924 0.637099 0.209
0.646117 0.644406 0.641744 0.638046 0.637099 0.21
0.646117 0.643526 0.641744 0.638046 0.637099 0.211
0.646117 0.643526 0.639924 0.638046 0.635162 0.212
0.646117 0.642644 0.639924 0.638046 0.634185 0.213
0.646117 0.642644 0.639924 0.637099 0.634185 0.214
0.646117 0.641744 0.638046 0.635162 0.634185 0.216
0.646117 0.641744 0.638046 0.634185 0.634185 0.217
0.644406 0.639924 0.638046 0.634185 0.634185 0.218
0.644406 0.639924 0.638046 0.634185 0.633194 0.219
0.643526 0.639924 0.637099 0.634185 0.633194 0.22
0.642644 0.639924 0.637099 0.634185 0.633194 0.221
0.642644 0.638046 0.634185 0.634185 0.633194 0.223
0.641744 0.638046 0.634185 0.633194 0.633194 0.224
0.641744 0.638046 0.634185 0.633194 0.631176 0.225
0.639924 0.637099 0.634185 0.633194 0.631176 0.227
0.639924 0.637099 0.634185 0.633194 0.629125 0.228
0.639924 0.635162 0.634185 0.633194 0.629125 0.229
0.639924 0.634185 0.634185 0.631176 0.628093 0.23
0.639924 0.634185 0.633194 0.631176 0.628093 0.231
0.638046 0.634185 0.633194 0.631176 0.628093 0.232
0.638046 0.634185 0.633194 0.629125 0.628093 0.233
0.638046 0.634185 0.633194 0.629125 0.627042 0.234
0.638046 0.634185 0.633194 0.628093 0.627042 0.235
0.637099 0.634185 0.631176 0.628093 0.625984 0.236
0.635162 0.633194 0.631176 0.628093 0.625984 0.238
0.634185 0.633194 0.629125 0.627042 0.625984 0.239
0.634185 0.633194 0.628093 0.625984 0.622766 0.242
0.634185 0.631176 0.628093 0.625984 0.620572 0.243
0.634185 0.631176 0.628093 0.625984 0.617234 0.245
0.634185 0.631176 0.627042 0.625984 0.617234 0.246
0.633194 0.629125 0.627042 0.623849 0.617234 0.247
0.633194 0.629125 0.625984 0.620572 0.617234 0.248
0.633194 0.628093 0.625984 0.620572 0.616099 0.249
0.633194 0.628093 0.625984 0.618356 0.61496 0.25
0.633194 0.628093 0.625984 0.617234 0.61496 0.251
0.633194 0.628093 0.625984 0.617234 0.612661 0.252
0.631176 0.627042 0.625984 0.617234 0.612661 0.253
0.631176 0.627042 0.623849 0.616099 0.612661 0.254
0.631176 0.627042 0.620572 0.61496 0.612661 0.255
0.629125 0.625984 0.620572 0.61496 0.612661 0.256
0.629125 0.625984 0.618356 0.61496 0.612661 0.257
0.629125 0.625984 0.617234 0.612661 0.612661 0.258
0.628093 0.625984 0.617234 0.612661 0.612661 0.259
0.628093 0.625984 0.616099 0.612661 0.610343 0.261
0.628093 0.622766 0.61496 0.612661 0.609168 0.262
0.627042 0.620572 0.61496 0.612661 0.609168 0.263
0.627042 0.618356 0.612661 0.612661 0.609168 0.265
0.625984 0.617234 0.612661 0.612661 0.605603 0.266
0.625984 0.617234 0.612661 0.610343 0.605603 0.267
0.625984 0.617234 0.612661 0.609168 0.605603 0.268
0.625984 0.616099 0.612661 0.609168 0.605603 0.269
0.625984 0.61496 0.612661 0.609168 0.605603 0.27
0.625984 0.61496 0.612661 0.609168 0.603199 0.271
0.623849 0.61496 0.612661 0.605603 0.603199 0.272
0.620572 0.612661 0.612661 0.605603 0.601989 0.273
0.620572 0.612661 0.610343 0.605603 0.601989 0.274
0.618356 0.612661 0.610343 0.605603 0.601989 0.275
0.617234 0.612661 0.609168 0.605603 0.601989 0.276
0.617234 0.612661 0.609168 0.603199 0.600765 0.277
0.616099 0.612661 0.605603 0.601989 0.599544 0.28
0.61496 0.612661 0.605603 0.601989 0.599544 0.281
0.61496 0.610343 0.605603 0.601989 0.598314 0.282
0.61496 0.610343 0.605603 0.600765 0.598314 0.283
0.612661 0.609168 0.605603 0.600765 0.597073 0.284
0.612661 0.609168 0.603199 0.600765 0.597073 0.285
0.612661 0.609168 0.601989 0.599544 0.597073 0.287
0.612661 0.605603 0.601989 0.599544 0.595831 0.288
0.612661 0.605603 0.601989 0.598314 0.595831 0.289
0.612661 0.605603 0.601989 0.598314 0.594588 0.29
0.612661 0.605603 0.600765 0.597073 0.593333 0.291
0.612661 0.603199 0.600765 0.597073 0.592075 0.293
0.610343 0.603199 0.600765 0.595831 0.590812 0.294
0.609168 0.603199 0.599544 0.595831 0.589539 0.295
0.609168 0.601989 0.599544 0.595831 0.589539 0.296
0.609168 0.601989 0.598314 0.594588 0.589539 0.297
0.609168 0.601989 0.598314 0.593333 0.589539 0.298
0.609168 0.600765 0.597073 0.593333 0.589539 0.299
0.605603 0.600765 0.597073 0.592075 0.588263 0.3
0.605603 0.600765 0.597073 0.590812 0.588263 0.301
0.605603 0.600765 0.597073 0.589539 0.588263 0.302
0.605603 0.600765 0.595831 0.589539 0.588263 0.303
0.605603 0.599544 0.595831 0.589539 0.586987 0.304
0.603199 0.599544 0.594588 0.589539 0.586987 0.305
0.603199 0.598314 0.593333 0.589539 0.586987 0.306
0.601989 0.598314 0.593333 0.588263 0.586987 0.307
0.601989 0.597073 0.592075 0.588263 0.584415 0.308
0.601989 0.597073 0.589539 0.588263 0.584415 0.31
0.600765 0.597073 0.589539 0.586987 0.584415 0.311
0.600765 0.595831 0.589539 0.586987 0.584415 0.312
0.600765 0.594588 0.589539 0.586987 0.584415 0.314
0.600765 0.593333 0.588263 0.584415 0.584415 0.315
0.599544 0.593333 0.588263 0.584415 0.584415 0.316
0.598314 0.592075 0.588263 0.584415 0.583119 0.318
0.598314 0.589539 0.588263 0.584415 0.583119 0.319
0.597073 0.589539 0.586987 0.584415 0.583119 0.32
0.597073 0.589539 0.586987 0.584415 0.581821 0.322
0.595831 0.588263 0.584415 0.584415 0.58052 0.324
0.595831 0.588263 0.584415 0.583119 0.58052 0.325
0.595831 0.588263 0.584415 0.583119 0.575262 0.326
0.594588 0.588263 0.584415 0.583119 0.575262 0.327
0.593333 0.588263 0.584415 0.583119 0.575262 0.328
0.593333 0.586987 0.584415 0.581821 0.571274 0.329
0.592075 0.586987 0.584415 0.581821 0.571274 0.33
0.590812 0.586987 0.584415 0.58052 0.571274 0.331
0.589539 0.586987 0.584415 0.58052 0.571274 0.332
0.589539 0.586987 0.584415 0.575262 0.571274 0.333
0.589539 0.584415 0.583119 0.575262 0.569939 0.334
0.589539 0.584415 0.583119 0.571274 0.569939 0.336
0.588263 0.584415 0.583119 0.571274 0.5686 0.337
0.588263 0.584415 0.581821 0.571274 0.5686 0.338
0.588263 0.584415 0.581821 0.571274 0.565908 0.339
0.588263 0.584415 0.58052 0.569939 0.565908 0.341
0.586987 0.584415 0.575262 0.569939 0.565908 0.343
0.586987 0.583119 0.575262 0.5686 0.565908 0.344
0.586987 0.583119 0.571274 0.5686 0.565908 0.346
0.584415 0.583119 0.571274 0.565908 0.565908 0.347
0.584415 0.581821 0.571274 0.565908 0.565908 0.348
0.584415 0.581821 0.571274 0.565908 0.564559 0.349
0.584415 0.581821 0.571274 0.565908 0.563204 0.35
0.584415 0.58052 0.569939 0.565908 0.563204 0.351
0.584415 0.575262 0.569939 0.565908 0.563204 0.353
0.584415 0.575262 0.5686 0.565908 0.561851 0.354
0.584415 0.571274 0.567256 0.564559 0.561851 0.356
0.583119 0.571274 0.565908 0.564559 0.561851 0.357
0.583119 0.571274 0.565908 0.563204 0.561851 0.358
0.583119 0.569939 0.565908 0.563204 0.561851 0.361
0.581821 0.569939 0.565908 0.561851 0.559122 0.362
0.581821 0.569939 0.565908 0.561851 0.557756 0.363
0.581821 0.5686 0.565908 0.561851 0.556387 0.364
0.58052 0.5686 0.565908 0.561851 0.555014 0.365
0.575262 0.565908 0.564559 0.561851 0.555014 0.367
0.575262 0.565908 0.563204 0.561851 0.555014 0.368
0.575262 0.565908 0.563204 0.561851 0.55364 0.369
0.571274 0.565908 0.563204 0.559122 0.55364 0.37
0.571274 0.565908 0.561851 0.556387 0.55364 0.372
0.571274 0.565908 0.561851 0.555014 0.552259 0.373
0.569939 0.565908 0.561851 0.555014 0.548109 0.375
0.569939 0.564559 0.561851 0.55364 0.548109 0.377
0.5686 0.563204 0.561851 0.55364 0.548109 0.379
0.5686 0.563204 0.560488 0.55364 0.546719 0.38
0.567256 0.563204 0.559122 0.552259 0.545324 0.381
0.565908 0.563204 0.556387 0.552259 0.543934 0.382
0.565908 0.563204 0.556387 0.549494 0.541142 0.383
0.565908 0.561851 0.555014 0.548109 0.541142 0.384
0.565908 0.561851 0.55364 0.546719 0.539745 0.388
0.565908 0.561851 0.55364 0.545324 0.539745 0.39
0.565908 0.560488 0.55364 0.543934 0.539745 0.391
0.564559 0.559122 0.552259 0.541142 0.538343 0.392
0.564559 0.557756 0.552259 0.541142 0.536933 0.393
0.563204 0.556387 0.548109 0.541142 0.536933 0.394
0.563204 0.555014 0.548109 0.539745 0.536933 0.396
0.561851 0.55364 0.546719 0.539745 0.536933 0.399
0.561851 0.55364 0.545324 0.538343 0.536933 0.401
0.561851 0.55364 0.543934 0.536933 0.536933 0.402
0.561851 0.55364 0.541142 0.536933 0.536933 0.403
0.561851 0.552259 0.541142 0.536933 0.535529 0.404
0.561851 0.548109 0.541142 0.536933 0.531305 0.406
0.559122 0.548109 0.539745 0.536933 0.529888 0.407
0.556387 0.548109 0.539745 0.536933 0.528478 0.409
0.555014 0.546719 0.539745 0.536933 0.528478 0.411
0.555014 0.546719 0.538343 0.536933 0.52423 0.412
0.555014 0.545324 0.538343 0.535529 0.519966 0.413
0.555014 0.543934 0.536933 0.535529 0.518549 0.414
0.55364 0.541142 0.536933 0.531305 0.518549 0.415
0.55364 0.541142 0.536933 0.529888 0.518549 0.416
0.55364 0.541142 0.536933 0.528478 0.51712 0.418
0.552259 0.539745 0.536933 0.528478 0.51712 0.42
0.552259 0.539745 0.536933 0.528478 0.515699 0.421
0.548109 0.539745 0.536933 0.519966 0.515699 0.422
0.548109 0.539745 0.536933 0.518549 0.515699 0.424
0.548109 0.538343 0.535529 0.518549 0.515699 0.425
0.548109 0.536933 0.534126 0.518549 0.515699 0.426
0.546719 0.536933 0.531305 0.518549 0.515699 0.427
0.546719 0.536933 0.529888 0.51712 0.515699 0.428
0.545324 0.536933 0.529888 0.51712 0.515699 0.429
0.543934 0.536933 0.528478 0.515699 0.515699 0.43
0.541142 0.536933 0.528478 0.515699 0.515699 0.432
0.541142 0.536933 0.525649 0.515699 0.515699 0.433
0.541142 0.536933 0.519966 0.515699 0.515699 0.434
0.539745 0.536933 0.518549 0.515699 0.515699 0.436
0.539745 0.535529 0.518549 0.515699 0.514277 0.437
0.539745 0.535529 0.518549 0.515699 0.512848 0.438
0.539745 0.534126 0.51712 0.515699 0.511423 0.439
0.539745 0.529888 0.51712 0.515699 0.511423 0.44
0.538343 0.529888 0.515699 0.515699 0.511423 0.442
0.536933 0.528478 0.515699 0.515699 0.511423 0.443
0.536933 0.52423 0.515699 0.514277 0.511423 0.446
0.536933 0.519966 0.515699 0.512848 0.511423 0.447
0.536933 0.518549 0.515699 0.511423 0.511423 0.449
0.536933 0.51712 0.515699 0.511423 0.50857 0.453
0.535529 0.515699 0.515699 0.511423 0.50857 0.455
0.534126 0.515699 0.515699 0.511423 0.50857 0.456
0.531305 0.515699 0.515699 0.511423 0.507142 0.457
0.529888 0.515699 0.515699 0.511423 0.505714 0.458
0.529888 0.515699 0.514277 0.511423 0.505714 0.459
0.528478 0.515699 0.512848 0.511423 0.505714 0.46
0.528478 0.515699 0.511423 0.511423 0.505714 0.461
0.528478 0.515699 0.511423 0.511423 0.502855 0.462
0.528478 0.515699 0.511423 0.50857 0.502855 0.463
0.522809 0.515699 0.511423 0.50857 0.502855 0.464
0.519966 0.515699 0.511423 0.50857 0.502855 0.465
0.518549 0.515699 0.511423 0.50857 0.502855 0.466
0.518549 0.515699 0.511423 0.507142 0.502855 0.467
0.518549 0.515699 0.511423 0.505714 0.501425 0.469
0.51712 0.515699 0.511423 0.505714 0.5 0.471
0.51712 0.515699 0.511423 0.502855 0.5 0.472
0.515699 0.514277 0.511423 0.502855 0.5 0.473
0.515699 0.512848 0.511423 0.502855 0.5 0.474
0.515699 0.511423 0.511423 0.502855 0.501425 0.475
0.515699 0.511423 0.50857 0.502855 0.501425 0.476
0.515699 0.511423 0.50857 0.502855 0.502855 0.478
0.515699 0.511423 0.507142 0.501425 0.504284 0.48
0.515699 0.511423 0.507142 0.5 0.504284 0.481
0.515699 0.511423 0.505714 0.5 0.504284 0.482
0.515699 0.511423 0.502855 0.501425 0.504284 0.486
0.515699 0.511423 0.502855 0.502855 0.504284 0.489
0.515699 0.50857 0.502855 0.502855 0.504284 0.49
0.514277 0.50857 0.502855 0.504284 0.504284 0.491
0.512848 0.50857 0.502855 0.504284 0.505714 0.492
0.512848 0.50857 0.501425 0.504284 0.505714 0.493
0.511423 0.507142 0.5 0.504284 0.505714 0.494
0.511423 0.505714 0.5 0.504284 0.505714 0.496
0.511423 0.502855 0.501425 0.504284 0.505714 0.5
0.511423 0.502855 0.502855 0.504284 0.507142 0.502
0.511423 0.502855 0.502855 0.505714 0.507142 0.503
0.511423 0.502855 0.504284 0.505714 0.509992 0.505
0.511423 0.501425 0.504284 0.505714 0.509992 0.508
0.511423 0.5 0.504284 0.505714 0.509992 0.509
0.50857 0.5 0.504284 0.505714 0.509992 0.51
0.50857 0.5 0.504284 0.507142 0.509992 0.513
0.507142 0.5 0.504284 0.507142 0.509992 0.514
0.507142 0.501425 0.504284 0.507142 0.511423 0.515
0.505714 0.501425 0.504284 0.50857 0.511423 0.516
0.505714 0.502855 0.505714 0.509992 0.511423 0.517
0.505714 0.502855 0.505714 0.509992 0.512848 0.519
0.502855 0.504284 0.505714 0.509992 0.514277 0.52
0.502855 0.504284 0.507142 0.511423 0.515699 0.527
0.501425 0.504284 0.507142 0.511423 0.515699 0.528
0.5 0.504284 0.507142 0.511423 0.515699 0.529
0.5 0.504284 0.507142 0.512848 0.518549 0.53
0.5 0.504284 0.509992 0.512848 0.518549 0.531
0.5 0.505714 0.509992 0.514277 0.519966 0.532
0.501425 0.505714 0.509992 0.514277 0.519966 0.535
0.502855 0.505714 0.509992 0.514277 0.521391 0.537
0.502855 0.505714 0.509992 0.514277 0.522809 0.538
0.502855 0.505714 0.509992 0.515699 0.522809 0.539
0.504284 0.505714 0.511423 0.515699 0.522809 0.541
0.504284 0.505714 0.511423 0.518549 0.522809 0.542
0.504284 0.507142 0.511423 0.518549 0.522809 0.543
0.504284 0.507142 0.511423 0.519966 0.522809 0.544
0.504284 0.507142 0.512848 0.519966 0.522809 0.545
0.504284 0.50857 0.512848 0.519966 0.525649 0.546
0.504284 0.509992 0.514277 0.519966 0.525649 0.547
0.504284 0.509992 0.514277 0.521391 0.525649 0.549
0.504284 0.509992 0.514277 0.522809 0.525649 0.55
0.505714 0.509992 0.515699 0.522809 0.525649 0.554
0.505714 0.511423 0.518549 0.522809 0.525649 0.557
0.505714 0.511423 0.518549 0.52423 0.525649 0.558
0.505714 0.511423 0.519966 0.525649 0.527065 0.559
0.505714 0.512848 0.519966 0.525649 0.528478 0.561
0.505714 0.514277 0.519966 0.525649 0.528478 0.563
0.507142 0.514277 0.519966 0.525649 0.528478 0.564
0.507142 0.514277 0.522809 0.525649 0.528478 0.565
0.50857 0.514277 0.522809 0.525649 0.528478 0.568
0.509992 0.514277 0.522809 0.525649 0.528478 0.569
0.509992 0.515699 0.522809 0.525649 0.528478 0.571
0.509992 0.515699 0.522809 0.527065 0.528478 0.572
0.509992 0.518549 0.525649 0.528478 0.528478 0.574
0.509992 0.519966 0.525649 0.528478 0.528478 0.576
0.511423 0.519966 0.525649 0.528478 0.528478 0.58
0.511423 0.522809 0.525649 0.528478 0.528478 0.582
0.512848 0.522809 0.525649 0.528478 0.528478 0.584
0.514277 0.522809 0.525649 0.528478 0.528478 0.585
0.514277 0.522809 0.527065 0.528478 0.528478 0.588
0.514277 0.522809 0.528478 0.528478 0.528478 0.59
0.514277 0.525649 0.528478 0.528478 0.528478 0.591
0.515699 0.525649 0.528478 0.528478 0.531305 0.593
0.518549 0.525649 0.528478 0.528478 0.531305 0.596
0.519966 0.525649 0.528478 0.528478 0.531305 0.599
0.521391 0.525649 0.528478 0.528478 0.531305 0.604
0.522809 0.527065 0.528478 0.528478 0.532715 0.605
0.522809 0.527065 0.528478 0.531305 0.532715 0.606
0.522809 0.528478 0.528478 0.531305 0.534126 0.607
0.522809 0.528478 0.528478 0.531305 0.535529 0.612
0.52423 0.528478 0.528478 0.531305 0.535529 0.614
0.525649 0.528478 0.528478 0.531305 0.535529 0.615
0.525649 0.528478 0.528478 0.532715 0.535529 0.619
0.525649 0.528478 0.528478 0.534126 0.535529 0.621
0.525649 0.528478 0.528478 0.534126 0.536933 0.622
0.525649 0.528478 0.531305 0.534126 0.536933 0.623
0.525649 0.528478 0.531305 0.535529 0.536933 0.625
0.525649 0.528478 0.531305 0.535529 0.538343 0.626
0.525649 0.528478 0.531305 0.535529 0.539745 0.627
0.527065 0.528478 0.531305 0.535529 0.539745 0.629
0.528478 0.528478 0.531305 0.535529 0.539745 0.631
0.528478 0.528478 0.532715 0.536933 0.54254 0.636
0.528478 0.528478 0.534126 0.536933 0.54254 0.638
0.528478 0.528478 0.534126 0.538343 0.54254 0.64
0.528478 0.531305 0.534126 0.539745 0.543934 0.641
0.528478 0.531305 0.535529 0.539745 0.543934 0.643
0.528478 0.531305 0.535529 0.541142 0.543934 0.65
0.528478 0.531305 0.535529 0.54254 0.543934 0.651
0.528478 0.531305 0.536933 0.54254 0.546719 0.654
0.528478 0.532715 0.536933 0.543934 0.546719 0.655
0.528478 0.534126 0.536933 0.543934 0.546719 0.657
0.528478 0.534126 0.538343 0.543934 0.548109 0.658
0.528478 0.534126 0.539745 0.543934 0.548109 0.659
0.528478 0.535529 0.539745 0.543934 0.548109 0.662
0.531305 0.535529 0.539745 0.543934 0.548109 0.667
0.531305 0.535529 0.54254 0.546719 0.548109 0.669
0.531305 0.536933 0.54254 0.548109 0.548109 0.673
0.531305 0.536933 0.543934 0.548109 0.548109 0.674
0.531305 0.536933 0.543934 0.548109 0.549494 0.676
0.531305 0.538343 0.543934 0.548109 0.549494 0.677
0.531305 0.539745 0.543934 0.548109 0.549494 0.679
0.532715 0.539745 0.543934 0.548109 0.549494 0.681
0.534126 0.539745 0.543934 0.548109 0.549494 0.683
0.534126 0.539745 0.543934 0.548109 0.550875 0.686
0.535529 0.541142 0.546719 0.548109 0.550875 0.688
0.535529 0.54254 0.546719 0.548109 0.550875 0.689
0.535529 0.54254 0.548109 0.549494 0.550875 0.692
0.535529 0.543934 0.548109 0.549494 0.550875 0.694
0.536933 0.543934 0.548109 0.549494 0.550875 0.7
0.536933 0.543934 0.548109 0.550875 0.552259 0.701
0.536933 0.543934 0.548109 0.550875 0.55364 0.703
0.538343 0.543934 0.548109 0.550875 0.555014 0.704
0.539745 0.543934 0.548109 0.550875 0.555014 0.705
0.539745 0.546719 0.548109 0.550875 0.555014 0.708
0.539745 0.546719 0.549494 0.550875 0.555014 0.711
0.539745 0.548109 0.549494 0.550875 0.555014 0.713
0.54254 0.548109 0.549494 0.552259 0.555014 0.716
0.54254 0.548109 0.549494 0.55364 0.556387 0.719
0.54254 0.548109 0.549494 0.555014 0.556387 0.72
0.543934 0.548109 0.550875 0.555014 0.556387 0.721
0.543934 0.548109 0.550875 0.555014 0.560488 0.725
0.543934 0.549494 0.550875 0.555014 0.560488 0.732
0.543934 0.549494 0.550875 0.556387 0.560488 0.735
0.546719 0.549494 0.552259 0.556387 0.560488 0.737
0.546719 0.549494 0.552259 0.556387 0.561851 0.738
0.546719 0.549494 0.55364 0.556387 0.561851 0.739
0.546719 0.549494 0.555014 0.556387 0.563204 0.74
0.548109 0.549494 0.555014 0.560488 0.563204 0.741
0.548109 0.550875 0.555014 0.560488 0.563204 0.743
0.548109 0.550875 0.555014 0.560488 0.564559 0.744
0.548109 0.550875 0.555014 0.560488 0.565908 0.75
0.548109 0.550875 0.555014 0.561851 0.565908 0.754
0.548109 0.550875 0.556387 0.561851 0.565908 0.756
0.548109 0.550875 0.556387 0.563204 0.567256 0.757
0.548109 0.552259 0.556387 0.563204 0.567256 0.759
0.549494 0.55364 0.556387 0.564559 0.567256 0.761
0.549494 0.555014 0.560488 0.564559 0.567256 0.762
0.549494 0.555014 0.560488 0.564559 0.5686 0.766
0.549494 0.555014 0.560488 0.565908 0.5686 0.767
0.550875 0.555014 0.560488 0.565908 0.5686 0.772
0.550875 0.555014 0.561851 0.567256 0.5686 0.775
0.550875 0.555014 0.561851 0.567256 0.569939 0.777
0.550875 0.556387 0.563204 0.567256 0.569939 0.778
0.550875 0.556387 0.563204 0.567256 0.571274 0.779
0.550875 0.556387 0.564559 0.567256 0.571274 0.782
0.550875 0.557756 0.564559 0.5686 0.571274 0.784
0.550875 0.560488 0.564559 0.5686 0.571274 0.785
0.552259 0.560488 0.565908 0.5686 0.571274 0.788
0.55364 0.560488 0.565908 0.5686 0.571274 0.791
0.555014 0.560488 0.565908 0.5686 0.572612 0.792
0.555014 0.560488 0.565908 0.5686 0.573941 0.793
0.555014 0.560488 0.565908 0.569939 0.573941 0.794
0.555014 0.560488 0.567256 0.571274 0.573941 0.796
0.555014 0.561851 0.567256 0.571274 0.576581 0.799
0.555014 0.563204 0.567256 0.571274 0.576581 0.802
0.555014 0.564559 0.5686 0.571274 0.576581 0.805
0.556387 0.564559 0.5686 0.572612 0.576581 0.809
0.556387 0.564559 0.5686 0.573941 0.576581 0.811
0.556387 0.565908 0.5686 0.573941 0.579207 0.812
0.557756 0.565908 0.5686 0.573941 0.579207 0.815
0.560488 0.565908 0.569939 0.576581 0.579207 0.816
0.560488 0.565908 0.569939 0.576581 0.58052 0.817
0.560488 0.565908 0.571274 0.576581 0.58052 0.819
0.560488 0.567256 0.571274 0.576581 0.58052 0.82
0.560488 0.567256 0.571274 0.576581 0.581821 0.821
0.561851 0.5686 0.571274 0.579207 0.581821 0.83
0.561851 0.5686 0.572612 0.579207 0.581821 0.832
0.563204 0.5686 0.573941 0.579207 0.581821 0.833
0.563204 0.5686 0.573941 0.58052 0.581821 0.836
0.564559 0.5686 0.573941 0.58052 0.581821 0.837
0.564559 0.5686 0.576581 0.581821 0.581821 0.839
0.564559 0.569939 0.576581 0.581821 0.581821 0.841
0.564559 0.571274 0.576581 0.581821 0.581821 0.843
0.565908 0.571274 0.576581 0.581821 0.581821 0.844
0.567256 0.571274 0.576581 0.581821 0.581821 0.852
0.567256 0.571274 0.579207 0.581821 0.581821 0.853
0.567256 0.572612 0.579207 0.581821 0.583119 0.857
0.567256 0.573941 0.579207 0.581821 0.583119 0.858
0.567256 0.573941 0.58052 0.581821 0.584415 0.859
0.5686 0.573941 0.58052 0.581821 0.584415 0.862
0.5686 0.573941 0.581821 0.581821 0.584415 0.863
0.5686 0.576581 0.581821 0.581821 0.584415 0.864
0.569939 0.576581 0.581821 0.581821 0.584415 0.874
0.571274 0.576581 0.581821 0.583119 0.584415 0.876
0.571274 0.576581 0.581821 0.584415 0.584415 0.878
0.571274 0.579207 0.581821 0.584415 0.584415 0.879
0.571274 0.58052 0.581821 0.584415 0.584415 0.885
0.571274 0.581821 0.581821 0.584415 0.584415 0.889
0.572612 0.581821 0.581821 0.584415 0.584415 0.891
0.573941 0.581821 0.581821 0.584415 0.584415 0.892
0.576581 0.581821 0.581821 0.584415 0.584415 0.898
0.576581 0.581821 0.583119 0.584415 0.584415 0.901
0.576581 0.581821 0.584415 0.584415 0.584415 0.903
0.576581 0.581821 0.584415 0.584415 0.585701 0.91
0.579207 0.581821 0.584415 0.584415 0.585701 0.913
0.58052 0.581821 0.584415 0.584415 0.585701 0.919
0.58052 0.581821 0.584415 0.584415 0.586987 0.92
0.58052 0.581821 0.584415 0.584415 0.588263 0.922
0.581821 0.581821 0.584415 0.584415 0.588263 0.924
0.581821 0.583119 0.584415 0.584415 0.588263 0.927
0.581821 0.584415 0.584415 0.585701 0.588263 0.93
0.581821 0.584415 0.584415 0.585701 0.589539 0.933
0.581821 0.584415 0.584415 0.586987 0.589539 0.941
0.581821 0.584415 0.584415 0.588263 0.589539 0.942
0.581821 0.584415 0.584415 0.588263 0.590812 0.944
0.581821 0.584415 0.584415 0.588263 0.592075 0.951
0.581821 0.584415 0.584415 0.589539 0.592075 0.954
0.581821 0.584415 0.585701 0.589539 0.592075 0.957
0.581821 0.584415 0.585701 0.589539 0.593333 0.96
0.583119 0.584415 0.585701 0.589539 0.593333 0.964
0.583119 0.584415 0.585701 0.590812 0.593333 0.965
0.584415 0.584415 0.585701 0.590812 0.593333 0.966
0.584415 0.584415 0.586987 0.590812 0.593333 0.967
0.584415 0.584415 0.588263 0.590812 0.594588 0.969
0.584415 0.584415 0.588263 0.592075 0.594588 0.973
0.584415 0.584415 0.588263 0.592075 0.595831 0.978
0.584415 0.584415 0.589539 0.592075 0.595831 0.98
0.584415 0.584415 0.589539 0.593333 0.595831 0.982
0.584415 0.585701 0.589539 0.593333 0.595831 0.985
0.584415 0.585701 0.589539 0.593333 0.597073 0.987
0.584415 0.585701 0.589539 0.594588 0.597073 0.991
0.584415 0.585701 0.590812 0.594588 0.597073 0.992
0.584415 0.585701 0.590812 0.594588 0.599544 0.994
0.584415 0.586987 0.590812 0.594588 0.599544 0.996
0.584415 0.588263 0.590812 0.594588 0.599544 0.998
0.584415 0.588263 0.592075 0.595831 0.599544 1
0.584415 0.589539 0.593333 0.597073 0.599544 1.009
0.584415 0.589539 0.593333 0.599544 0.599544 1.016
0.584415 0.589539 0.594588 0.599544 0.599544 1.018
0.584415 0.590812 0.594588 0.599544 0.599544 1.022
0.585701 0.590812 0.594588 0.599544 0.600765 1.024
0.585701 0.592075 0.595831 0.599544 0.600765 1.029
0.585701 0.592075 0.595831 0.599544 0.601989 1.033
0.585701 0.592075 0.595831 0.599544 0.604404 1.034
0.586987 0.592075 0.595831 0.599544 0.604404 1.035
0.588263 0.592075 0.597073 0.599544 0.604404 1.037
0.588263 0.593333 0.597073 0.599544 0.605603 1.039
0.588263 0.593333 0.599544 0.599544 0.605603 1.045
0.588263 0.593333 0.599544 0.600765 0.605603 1.048
0.589539 0.594588 0.599544 0.600765 0.605603 1.049
0.589539 0.594588 0.599544 0.601989 0.605603 1.056
0.589539 0.594588 0.599544 0.604404 0.606796 1.057
0.589539 0.595831 0.599544 0.604404 0.609168 1.059
0.590812 0.595831 0.599544 0.605603 0.609168 1.062
0.590812 0.597073 0.599544 0.605603 0.609168 1.068
0.592075 0.597073 0.599544 0.605603 0.609168 1.07
0.592075 0.599544 0.599544 0.605603 0.610343 1.076
0.592075 0.599544 0.600765 0.605603 0.610343 1.077
0.593333 0.599544 0.600765 0.605603 0.610343 1.08
0.593333 0.599544 0.600765 0.606796 0.610343 1.081
0.593333 0.599544 0.600765 0.609168 0.610343 1.083
0.593333 0.599544 0.601989 0.609168 0.611504 1.086
0.593333 0.599544 0.604404 0.609168 0.611504 1.087
0.593333 0.599544 0.604404 0.609168 0.612661 1.089
0.594588 0.599544 0.604404 0.609168 0.613818 1.09
0.594588 0.599544 0.605603 0.609168 0.613818 1.092
0.594588 0.599544 0.605603 0.609168 0.61496 1.096
0.595831 0.599544 0.605603 0.610343 0.61496 1.101
0.595831 0.599544 0.605603 0.610343 0.616099 1.105
0.595831 0.600765 0.605603 0.610343 0.616099 1.109
0.597073 0.600765 0.605603 0.610343 0.616099 1.11
0.597073 0.600765 0.606796 0.611504 0.616099 1.111
0.597073 0.600765 0.609168 0.611504 0.616099 1.113
0.597073 0.600765 0.609168 0.613818 0.616099 1.114
0.599544 0.601989 0.609168 0.613818 0.616099 1.118
0.599544 0.604404 0.609168 0.613818 0.616099 1.119
0.599544 0.604404 0.609168 0.61496 0.616099 1.121
0.599544 0.605603 0.609168 0.61496 0.616099 1.125
0.599544 0.605603 0.609168 0.61496 0.617234 1.126
0.599544 0.605603 0.609168 0.61496 0.618356 1.129
0.599544 0.605603 0.609168 0.616099 0.618356 1.13
0.599544 0.605603 0.610343 0.616099 0.618356 1.131
0.599544 0.605603 0.611504 0.616099 0.618356 1.142
0.599544 0.606796 0.611504 0.616099 0.618356 1.144
0.599544 0.606796 0.613818 0.616099 0.618356 1.145
0.599544 0.609168 0.613818 0.616099 0.618356 1.146
0.600765 0.609168 0.61496 0.617234 0.618356 1.152
0.600765 0.609168 0.61496 0.618356 0.618356 1.154
0.600765 0.609168 0.616099 0.618356 0.618356 1.161
0.601989 0.609168 0.616099 0.618356 0.618356 1.162
0.604404 0.609168 0.616099 0.618356 0.618356 1.163
0.604404 0.610343 0.616099 0.618356 0.618356 1.165
0.605603 0.610343 0.616099 0.618356 0.619467 1.169
0.605603 0.611504 0.616099 0.618356 0.620572 1.176
0.605603 0.612661 0.616099 0.618356 0.620572 1.179
0.605603 0.613818 0.616099 0.618356 0.620572 1.18
0.605603 0.613818 0.617234 0.618356 0.620572 1.184
0.605603 0.613818 0.617234 0.618356 0.621671 1.185
0.605603 0.613818 0.618356 0.618356 0.621671 1.186
0.605603 0.61496 0.618356 0.618356 0.621671 1.187
0.606796 0.61496 0.618356 0.618356 0.621671 1.189
0.609168 0.61496 0.618356 0.618356 0.621671 1.191
0.609168 0.616099 0.618356 0.619467 0.621671 1.196
0.609168 0.616099 0.618356 0.619467 0.622766 1.201
0.609168 0.616099 0.618356 0.620572 0.622766 1.202
0.609168 0.616099 0.618356 0.620572 0.623849 1.203
0.610343 0.616099 0.618356 0.620572 0.624918 1.211
0.610343 0.616099 0.618356 0.621671 0.624918 1.212
0.610343 0.617234 0.618356 0.621671 0.624918 1.219
0.611504 0.618356 0.618356 0.621671 0.624918 1.222
0.613818 0.618356 0.618356 0.621671 0.624918 1.226
0.613818 0.618356 0.618356 0.622766 0.624918 1.228
0.613818 0.618356 0.619467 0.622766 0.624918 1.229
0.613818 0.618356 0.619467 0.623849 0.624918 1.23
0.61496 0.618356 0.619467 0.623849 0.624918 1.234
0.61496 0.618356 0.620572 0.623849 0.624918 1.236
0.61496 0.618356 0.620572 0.624918 0.624918 1.238
0.616099 0.618356 0.620572 0.624918 0.624918 1.243
0.616099 0.618356 0.621671 0.624918 0.624918 1.246
0.616099 0.618356 0.622766 0.624918 0.624918 1.262
0.616099 0.618356 0.623849 0.624918 0.624918 1.265
0.616099 0.619467 0.623849 0.624918 0.624918 1.266
0.617234 0.619467 0.623849 0.624918 0.624918 1.267
0.618356 0.619467 0.623849 0.624918 0.624918 1.27
0.618356 0.620572 0.624918 0.624918 0.624918 1.273
0.618356 0.620572 0.624918 0.624918 0.625984 1.279
0.618356 0.621671 0.624918 0.624918 0.625984 1.283
0.618356 0.622766 0.624918 0.624918 0.625984 1.3
0.618356 0.623849 0.624918 0.624918 0.625984 1.303
0.618356 0.623849 0.624918 0.625984 0.625984 1.307
0.618356 0.624918 0.624918 0.625984 0.625984 1.311
0.619467 0.624918 0.624918 0.625984 0.625984 1.316
0.620572 0.624918 0.624918 0.625984 0.625984 1.323
0.620572 0.624918 0.624918 0.625984 0.627042 1.329
0.621671 0.624918 0.624918 0.625984 0.627042 1.333
0.621671 0.624918 0.625984 0.625984 0.627042 1.344
0.622766 0.624918 0.625984 0.625984 0.627042 1.351
0.623849 0.624918 0.625984 0.625984 0.627042 1.354
0.623849 0.624918 0.625984 0.627042 0.627042 1.359
0.624918 0.624918 0.625984 0.627042 0.627042 1.362
0.624918 0.624918 0.625984 0.627042 0.628093 1.37
0.624918 0.625984 0.625984 0.627042 0.628093 1.384
0.624918 0.625984 0.627042 0.627042 0.629125 1.397
0.624918 0.625984 0.627042 0.627042 0.630158 1.4
0.624918 0.625984 0.627042 0.628093 0.630158 1.401
0.624918 0.625984 0.627042 0.629125 0.630158 1.429
0.624918 0.625984 0.627042 0.630158 0.630158 1.431
0.625984 0.625984 0.627042 0.630158 0.630158 1.438
0.625984 0.627042 0.627042 0.630158 0.630158 1.439
0.625984 0.627042 0.628093 0.630158 0.630158 1.44
0.625984 0.627042 0.628093 0.630158 0.631176 1.441
0.625984 0.627042 0.628093 0.630158 0.633194 1.455
0.625984 0.627042 0.629125 0.630158 0.633194 1.469
0.625984 0.627042 0.630158 0.630158 0.633194 1.471
0.625984 0.627042 0.630158 0.631176 0.633194 1.474
0.625984 0.628093 0.630158 0.631176 0.633194 1.483
0.625984 0.628093 0.630158 0.633194 0.633194 1.488
0.627042 0.628093 0.630158 0.633194 0.633194 1.496
0.627042 0.629125 0.630158 0.633194 0.633194 1.513
0.627042 0.629125 0.630158 0.633194 0.634185 1.514
0.627042 0.630158 0.631176 0.633194 0.635162 1.515
0.627042 0.630158 0.631176 0.633194 0.636137 1.524
0.627042 0.630158 0.633194 0.633194 0.636137 1.529
0.627042 0.630158 0.633194 0.633194 0.637099 1.532
0.627042 0.630158 0.633194 0.633194 0.638046 1.533
0.627042 0.630158 0.633194 0.633194 0.638993 1.541
0.628093 0.630158 0.633194 0.633194 0.638993 1.542
0.628093 0.630158 0.633194 0.634185 0.638993 1.548
0.628093 0.630158 0.633194 0.635162 0.638993 1.549
0.628093 0.630158 0.633194 0.635162 0.640839 1.551
0.628093 0.630158 0.633194 0.635162 0.641744 1.556
0.628093 0.630158 0.633194 0.636137 0.641744 1.559
0.628093 0.631176 0.633194 0.636137 0.641744 1.56
0.628093 0.631176 0.633194 0.638046 0.641744 1.567
0.629125 0.631176 0.633194 0.638046 0.641744 1.573
0.630158 0.633194 0.633194 0.638046 0.641744 1.575
0.630158 0.633194 0.633194 0.638993 0.641744 1.576
0.630158 0.633194 0.633194 0.640839 0.641744 1.586
0.630158 0.633194 0.634185 0.641744 0.641744 1.591
0.630158 0.633194 0.635162 0.641744 0.641744 1.593
0.630158 0.633194 0.636137 0.641744 0.641744 1.602
0.630158 0.633194 0.637099 0.641744 0.641744 1.61
0.630158 0.633194 0.638046 0.641744 0.641744 1.611
0.630158 0.633194 0.638993 0.641744 0.641744 1.62
0.631176 0.633194 0.638993 0.641744 0.641744 1.622
0.631176 0.633194 0.640839 0.641744 0.641744 1.63
0.631176 0.633194 0.641744 0.641744 0.641744 1.636
0.633194 0.633194 0.641744 0.641744 0.641744 1.637
0.633194 0.634185 0.641744 0.641744 0.641744 1.639
0.633194 0.635162 0.641744 0.641744 0.641744 1.64
0.633194 0.636137 0.641744 0.641744 0.641744 1.65
0.633194 0.636137 0.641744 0.641744 0.642644 1.653
0.633194 0.638046 0.641744 0.641744 0.642644 1.659
0.633194 0.638993 0.641744 0.641744 0.642644 1.669
0.633194 0.638993 0.641744 0.641744 0.643526 1.675
0.633194 0.640839 0.641744 0.641744 0.643526 1.679
0.633194 0.641744 0.641744 0.641744 0.643526 1.685
0.633194 0.641744 0.641744 0.642644 0.643526 1.69
0.634185 0.641744 0.641744 0.642644 0.643526 1.704
0.635162 0.641744 0.641744 0.642644 0.643526 1.705
0.635162 0.641744 0.641744 0.643526 0.643526 1.712
0.636137 0.641744 0.641744 0.643526 0.643526 1.715
0.636137 0.641744 0.641744 0.643526 0.644406 1.717
0.636137 0.641744 0.641744 0.643526 0.645262 1.718
0.638046 0.641744 0.641744 0.643526 0.645262 1.724
0.638993 0.641744 0.641744 0.643526 0.645262 1.735
0.638993 0.641744 0.642644 0.643526 0.645262 1.737
0.640839 0.641744 0.642644 0.643526 0.645262 1.745
0.641744 0.641744 0.642644 0.643526 0.645262 1.751
0.641744 0.641744 0.642644 0.645262 0.645262 1.756
0.641744 0.641744 0.643526 0.645262 0.645262 1.76
0.641744 0.642644 0.643526 0.645262 0.645262 1.789
0.641744 0.642644 0.645262 0.645262 0.645262 1.806
0.641744 0.643526 0.645262 0.645262 0.645262 1.813
0.641744 0.643526 0.645262 0.645262 0.646117 1.831
0.641744 0.643526 0.645262 0.645262 0.646955 1.835
0.641744 0.643526 0.645262 0.645262 0.647784 1.853
0.641744 0.645262 0.645262 0.645262 0.647784 1.859
0.642644 0.645262 0.645262 0.645262 0.647784 1.86
0.642644 0.645262 0.645262 0.646117 0.648593 1.872
0.642644 0.645262 0.645262 0.646955 0.648593 1.876
0.643526 0.645262 0.645262 0.646955 0.648593 1.884
0.643526 0.645262 0.645262 0.646955 0.649393 1.886
0.643526 0.645262 0.645262 0.647784 0.649393 1.895
0.643526 0.645262 0.645262 0.647784 0.650955 1.903
0.643526 0.645262 0.645262 0.648593 0.650955 1.914
0.643526 0.645262 0.646117 0.648593 0.650955 1.924
0.643526 0.645262 0.646955 0.648593 0.650955 1.928
0.643526 0.645262 0.646955 0.649393 0.650955 1.929
0.643526 0.645262 0.646955 0.649393 0.651716 1.93
0.645262 0.645262 0.646955 0.649393 0.651716 1.933
0.645262 0.645262 0.646955 0.649393 0.652466 1.941
0.645262 0.645262 0.646955 0.650955 0.652466 1.946
0.645262 0.645262 0.647784 0.650955 0.652466 1.948
0.645262 0.645262 0.648593 0.650955 0.652466 1.968
0.645262 0.645262 0.648593 0.650955 0.653196 1.97
0.645262 0.645262 0.648593 0.651716 0.653915 1.973
0.645262 0.645262 0.648593 0.651716 0.654624 1.979
0.645262 0.646117 0.648593 0.651716 0.654624 1.982
0.645262 0.646117 0.649393 0.651716 0.654624 1.983
0.645262 0.646117 0.649393 0.652466 0.655321 1.985
0.645262 0.646955 0.649393 0.652466 0.655321 1.986
0.645262 0.646955 0.649393 0.652466 0.655995 1.999
0.645262 0.646955 0.650955 0.652466 0.655995 2
0.645262 0.647784 0.650955 0.652466 0.656651 2.006
0.645262 0.647784 0.650955 0.653196 0.656651 2.015
0.645262 0.647784 0.650955 0.653915 0.656651 2.018
0.645262 0.647784 0.650955 0.654624 0.656651 2.024
0.645262 0.648593 0.650955 0.654624 0.656651 2.027
0.645262 0.648593 0.651716 0.654624 0.656651 2.029
0.645262 0.648593 0.651716 0.655321 0.656651 2.03
0.645262 0.648593 0.652466 0.655321 0.656651 2.041
0.645262 0.649393 0.652466 0.655321 0.656651 2.042
0.645262 0.649393 0.652466 0.655995 0.656651 2.044
0.645262 0.649393 0.652466 0.655995 0.657302 2.051
0.645262 0.649393 0.652466 0.656651 0.657302 2.052
0.646117 0.650955 0.652466 0.656651 0.657932 2.06
0.646117 0.650955 0.652466 0.656651 0.65855 2.061
0.646955 0.650955 0.652466 0.656651 0.65855 2.064
0.646955 0.650955 0.653196 0.656651 0.65855 2.071
0.646955 0.650955 0.653915 0.656651 0.65855 2.074
0.646955 0.650955 0.654624 0.656651 0.65855 2.08
0.647784 0.650955 0.654624 0.656651 0.65855 2.086
0.647784 0.650955 0.655321 0.656651 0.659154 2.087
0.647784 0.651716 0.655321 0.656651 0.659154 2.089
0.647784 0.651716 0.655321 0.657302 0.659154 2.097
0.647784 0.652466 0.655995 0.657302 0.659154 2.101
0.647784 0.652466 0.655995 0.657302 0.659736 2.104
0.648593 0.652466 0.655995 0.65855 0.659736 2.107
0.648593 0.652466 0.656651 0.65855 0.659736 2.109
0.648593 0.652466 0.656651 0.65855 0.660305 2.115
0.649393 0.652466 0.656651 0.65855 0.66085 2.122
0.649393 0.653196 0.656651 0.65855 0.66085 2.133
0.649393 0.653196 0.656651 0.659154 0.66085 2.134
0.649393 0.653196 0.656651 0.659154 0.66139 2.135
0.649393 0.653915 0.656651 0.659154 0.66139 2.136
0.649393 0.653915 0.656651 0.659154 0.661907 2.138
0.650955 0.653915 0.656651 0.659154 0.661907 2.141
0.650955 0.654624 0.656651 0.659154 0.6624 2.142
0.650955 0.654624 0.656651 0.659154 0.662888 2.148
0.650955 0.655321 0.656651 0.659154 0.662888 2.149
0.650955 0.655321 0.656651 0.659736 0.662888 2.151
0.650955 0.655321 0.657302 0.659736 0.662888 2.156
0.650955 0.655321 0.657302 0.660305 0.662888 2.163
0.650955 0.655995 0.657302 0.660305 0.662888 2.164
0.650955 0.655995 0.65855 0.660305 0.662888 2.166
0.650955 0.655995 0.65855 0.66085 0.662888 2.169
0.651716 0.655995 0.65855 0.66085 0.662888 2.171
0.651716 0.656651 0.65855 0.66085 0.662888 2.172
0.651716 0.656651 0.65855 0.66085 0.663797 2.173
0.651716 0.656651 0.65855 0.66085 0.66422 2.18
0.652466 0.656651 0.65855 0.66139 0.66422 2.184
0.652466 0.656651 0.65855 0.661907 0.66422 2.186
0.652466 0.656651 0.65855 0.6624 0.66422 2.191
0.652466 0.656651 0.659154 0.6624 0.66422 2.194
0.652466 0.656651 0.659154 0.662888 0.66422 2.197
0.652466 0.656651 0.659736 0.662888 0.66422 2.212
0.653196 0.656651 0.659736 0.662888 0.66422 2.217
0.653915 0.657302 0.659736 0.662888 0.66422 2.22
0.653915 0.657302 0.659736 0.663797 0.66422 2.222
0.653915 0.657302 0.660305 0.663797 0.66422 2.223
0.653915 0.657302 0.660305 0.663797 0.664635 2.224
0.654624 0.657302 0.660305 0.663797 0.664635 2.227
0.654624 0.657302 0.660305 0.66422 0.664635 2.229
0.654624 0.657932 0.66085 0.66422 0.664635 2.23
0.654624 0.65855 0.66085 0.66422 0.664635 2.231
0.655321 0.65855 0.66085 0.66422 0.664635 2.234
0.655321 0.65855 0.66139 0.66422 0.664635 2.245
0.655321 0.65855 0.661907 0.66422 0.664635 2.248
0.655995 0.65855 0.661907 0.66422 0.664635 2.249
0.655995 0.65855 0.6624 0.66422 0.664635 2.252
0.655995 0.65855 0.6624 0.66422 0.665024 2.253
0.656651 0.65855 0.662888 0.66422 0.665024 2.258
0.656651 0.659154 0.662888 0.66422 0.665024 2.259
0.656651 0.659154 0.662888 0.664635 0.665024 2.274
0.656651 0.659736 0.662888 0.664635 0.665024 2.278
0.656651 0.659736 0.66335 0.664635 0.665024 2.284
0.656651 0.659736 0.663797 0.664635 0.665024 2.285
0.656651 0.660305 0.663797 0.664635 0.665024 2.29
0.656651 0.660305 0.66422 0.664635 0.665024 2.292
0.656651 0.66085 0.66422 0.664635 0.665024 2.297
0.656651 0.66085 0.66422 0.665024 0.665024 2.304
0.657302 0.66085 0.66422 0.665024 0.665388 2.307
0.657302 0.66139 0.66422 0.665024 0.665388 2.312
0.657302 0.661907 0.66422 0.665024 0.665388 2.315
0.65855 0.6624 0.66422 0.665024 0.665388 2.319
0.65855 0.662888 0.66422 0.665024 0.665388 2.326
0.65855 0.662888 0.664635 0.665024 0.665388 2.338
0.65855 0.662888 0.664635 0.665024 0.665743 2.343
0.659154 0.662888 0.664635 0.665024 0.665743 2.348
0.659154 0.66335 0.664635 0.665024 0.665743 2.352
0.659154 0.663797 0.664635 0.665024 0.666071 2.353
0.659154 0.66422 0.664635 0.665388 0.666071 2.36
0.659736 0.66422 0.664635 0.665388 0.666071 2.367
0.659736 0.66422 0.665024 0.665388 0.666071 2.368
0.659736 0.66422 0.665024 0.665388 0.666382 2.372
0.660305 0.66422 0.665024 0.665388 0.666382 2.38
0.66085 0.66422 0.665024 0.665388 0.666382 2.387
0.66085 0.66422 0.665024 0.665743 0.666382 2.396
0.66139 0.66422 0.665024 0.665743 0.666382 2.403
0.661907 0.66422 0.665024 0.666071 0.666382 2.406
0.661907 0.664635 0.665024 0.666071 0.666382 2.408
0.6624 0.664635 0.665024 0.666071 0.666665 2.411
0.662888 0.664635 0.665024 0.666071 0.666665 2.417
0.662888 0.664635 0.665388 0.666382 0.666665 2.426
0.662888 0.665024 0.665388 0.666382 0.666665 2.439
0.663797 0.665024 0.665388 0.666382 0.666665 2.445
0.663797 0.665024 0.665388 0.666382 0.666939 2.45
0.66422 0.665024 0.665388 0.666382 0.666939 2.453
0.66422 0.665024 0.665388 0.666382 0.667185 2.459
0.66422 0.665024 0.665743 0.666382 0.667185 2.463
0.66422 0.665024 0.665743 0.666665 0.667185 2.465
0.66422 0.665024 0.666071 0.666665 0.667185 2.473
0.66422 0.665024 0.666071 0.666665 0.667411 2.476
0.66422 0.665024 0.666382 0.666665 0.667411 2.493
0.66422 0.665388 0.666382 0.666665 0.667411 2.498
0.664635 0.665388 0.666382 0.666665 0.667411 2.503
0.664635 0.665388 0.666382 0.666939 0.667411 2.505
0.664635 0.665388 0.666382 0.666939 0.667608 2.508
0.664635 0.665388 0.666382 0.666939 0.667785 2.511
0.664635 0.665388 0.666382 0.667185 0.667785 2.514
0.664635 0.665388 0.666382 0.667185 0.667942 2.517
0.664635 0.665388 0.666382 0.667411 0.667942 2.532
0.664635 0.665388 0.666665 0.667411 0.667942 2.534
0.665024 0.665388 0.666665 0.667411 0.667942 2.535
0.665024 0.665743 0.666665 0.667411 0.667942 2.537
0.665024 0.665743 0.666665 0.667411 0.668078 2.544
0.665024 0.666071 0.666665 0.667411 0.668078 2.547
0.665024 0.666071 0.666665 0.667411 0.668182 2.558
0.665024 0.666071 0.666665 0.667608 0.668182 2.565
0.665024 0.666382 0.666665 0.667785 0.668182 2.568
0.665024 0.666382 0.666665 0.667942 0.668182 2.573
0.665024 0.666382 0.666939 0.667942 0.668182 2.576
0.665024 0.666382 0.666939 0.667942 0.668266 2.577
0.665024 0.666382 0.667185 0.667942 0.668266 2.584
0.665024 0.666382 0.667185 0.667942 0.668327 2.593
0.665024 0.666382 0.667185 0.667942 0.668366 2.595
0.665388 0.666382 0.667185 0.667942 0.668366 2.597
0.665388 0.666382 0.667185 0.668078 0.668366 2.601
0.665388 0.666382 0.667411 0.668078 0.668366 2.603
0.665388 0.666665 0.667411 0.668078 0.668366 2.609
0.665388 0.666665 0.667411 0.668182 0.668366 2.615
0.665388 0.666665 0.667411 0.668182 0.668372 2.619
0.665388 0.666665 0.667411 0.668266 0.668372 2.635
0.665388 0.666665 0.667608 0.668266 0.668372 2.636
0.665743 0.666665 0.667608 0.668266 0.668372 2.637
0.665743 0.666665 0.667785 0.668266 0.668372 2.639
0.665743 0.666665 0.667942 0.668266 0.668372 2.646
0.666071 0.666665 0.667942 0.668266 0.668372 2.647
0.666071 0.666939 0.667942 0.668327 0.668372 2.652
0.666071 0.666939 0.667942 0.668366 0.668372 2.654
0.666071 0.667185 0.667942 0.668366 0.668372 2.661
0.666382 0.667185 0.667942 0.668366 0.668372 2.669
0.666382 0.667185 0.668078 0.668366 0.668372 2.674
0.666382 0.667185 0.668078 0.668372 0.668372 2.678
0.666382 0.667411 0.668078 0.668372 0.668372 2.68
0.666382 0.667411 0.668182 0.668372 0.668372 2.688
0.666382 0.667411 0.668182 0.668372 0.668355 2.691
0.666382 0.667411 0.668182 0.668372 0.668313 2.693
0.666382 0.667411 0.668182 0.668372 0.668248 2.701
0.666382 0.667411 0.668266 0.668372 0.668248 2.709
0.666665 0.667411 0.668266 0.668372 0.668248 2.712
0.666665 0.667608 0.668266 0.668372 0.668248 2.715
0.666665 0.667785 0.668266 0.668372 0.668248 2.718
0.666665 0.667942 0.668266 0.668372 0.668248 2.724
0.666665 0.667942 0.668327 0.668372 0.668248 2.726
0.666665 0.667942 0.668366 0.668372 0.668248 2.728
0.666665 0.667942 0.668366 0.668372 0.668148 2.732
0.666665 0.667942 0.668366 0.668355 0.668148 2.752
0.666665 0.667942 0.668372 0.668355 0.668148 2.753
0.666665 0.668078 0.668372 0.668313 0.668148 2.754
0.666939 0.668078 0.668372 0.668313 0.668148 2.757
0.666939 0.668078 0.668372 0.668248 0.668148 2.762
0.667185 0.668078 0.668372 0.668248 0.668148 2.766
0.667185 0.668182 0.668372 0.668248 0.668148 2.769
0.667185 0.668182 0.668372 0.668248 0.668022 2.777
0.667185 0.668182 0.668372 0.668248 0.667871 2.783
0.667411 0.668182 0.668372 0.668248 0.667871 2.786
0.667411 0.668266 0.668372 0.668248 0.667871 2.79
0.667411 0.668266 0.668372 0.668148 0.667871 2.794
0.667411 0.668266 0.668372 0.668148 0.667693 2.805
0.667411 0.668327 0.668372 0.668148 0.667693 2.807
0.667411 0.668366 0.668372 0.668148 0.667693 2.809
0.667608 0.668366 0.668372 0.668148 0.667693 2.822
0.667785 0.668366 0.668372 0.668148 0.667693 2.826
0.667785 0.668366 0.668355 0.668148 0.667693 2.829
0.667785 0.668366 0.668313 0.668148 0.667693 2.831
0.667942 0.668366 0.668313 0.668148 0.667693 2.832
0.667942 0.668372 0.668313 0.668148 0.667693 2.835
0.667942 0.668372 0.668313 0.668148 0.667479 2.837
0.667942 0.668372 0.668248 0.668022 0.667479 2.839
0.667942 0.668372 0.668248 0.667871 0.667479 2.846
0.668078 0.668372 0.668248 0.667871 0.667479 2.862
0.668078 0.668372 0.668248 0.667693 0.667479 2.869
0.668078 0.668372 0.668148 0.667693 0.667479 2.872
0.668182 0.668372 0.668148 0.667693 0.667479 2.878
0.668266 0.668372 0.668148 0.667693 0.667479 2.899
0.668266 0.668372 0.668148 0.667479 0.667479 2.901
0.668266 0.668355 0.668148 0.667479 0.667479 2.913
0.668266 0.668313 0.668148 0.667479 0.667479 2.915
0.668327 0.668313 0.668022 0.667479 0.667479 2.918
0.668366 0.668313 0.668022 0.667479 0.667479 2.92
0.668366 0.668248 0.668022 0.667479 0.667479 2.924
0.668366 0.668248 0.667871 0.667479 0.667479 2.926
0.668372 0.668248 0.667871 0.667479 0.667479 2.947
0.668372 0.668248 0.667693 0.667479 0.667237 2.949
0.668372 0.668148 0.667693 0.667479 0.667237 2.958
0.668372 0.668148 0.667479 0.667479 0.667237 2.982
0.668372 0.668022 0.667479 0.667479 0.667237 3.006
0.668372 0.667871 0.667479 0.667479 0.667237 3.013
0.668372 0.667871 0.667479 0.667237 0.667237 3.016
0.668372 0.667871 0.667479 0.667237 0.666968 3.021
0.668355 0.667871 0.667479 0.667237 0.666968 3.028
0.668313 0.667871 0.667479 0.667237 0.666968 3.03
0.668313 0.667693 0.667479 0.667237 0.666968 3.037
0.668248 0.667693 0.667479 0.667237 0.666968 3.039
0.668248 0.667479 0.667479 0.667237 0.666968 3.071
0.668148 0.667479 0.667479 0.667237 0.666968 3.075
0.668148 0.667479 0.667479 0.666968 0.666968 3.089
0.668148 0.667479 0.667237 0.666968 0.666968 3.1
0.668022 0.667479 0.667237 0.666968 0.666968 3.124
0.667871 0.667479 0.667237 0.666968 0.66667 3.132
