29.300 10.110 9.610 14.820 168.715 1 1 2
29.040 10.130 8.771 13.734 126.482 1 1 2
28.950 10.130 7.532 13.705 241.728 1 1 2
28.840 10.140 7.777 12.691 149.532 1 1 2
28.910 10.160 9.610 21.409 354.863 1 1 2
28.850 10.160 16.160 42.508 1177.995 1 1 2
28.680 10.170 8.765 13.663 124.600 1 1 2
28.690 10.180 6.345 11.218 148.372 1 1 2
28.860 10.190 9.410 14.746 110.947 1 1 2
28.720 10.200 8.269 13.212 116.898 1 1 2
28.650 10.210 8.025 13.004 140.008 1 1 2
28.660 10.230 7.418 12.792 117.526 1 1 2
28.460 10.240 8.047 12.979 93.366 1 1 2
28.470 10.240 6.732 11.615 133.900 1 1 2
28.380 10.260 8.114 13.625 138.637 1 1 2
28.450 10.250 4.985 9.075 122.741 1 1 2
28.630 10.270 7.540 12.516 112.278 1 1 2
28.670 10.300 7.670 12.886 94.324 1 1 2
28.410 10.310 8.022 12.636 107.905 1 1 2
28.400 10.320 7.040 11.647 77.741 1 1 2
28.300 10.330 7.890 12.201 103.686 1 1 2
28.410 10.360 7.962 12.877 86.029 1 1 2
28.210 10.380 8.131 12.207 98.372 1 1 2
28.080 10.390 7.676 11.978 109.506 1 1 2
28.430 10.410 8.004 12.178 97.623 1 1 2
28.190 10.430 6.448 10.715 96.755 1 1 2
28.000 10.440 7.995 12.408 79.706 1 1 2
28.220 10.460 7.781 12.189 64.027 1 1 2
28.050 10.470 5.903 10.297 116.795 1 1 2
27.920 10.470 7.408 11.315 77.222 1 1 2
27.970 10.490 6.960 11.078 97.650 1 1 2
27.850 10.500 7.512 11.614 91.220 1 1 2
27.820 10.510 7.068 11.279 102.655 1 1 2
27.670 10.510 6.813 11.013 86.381 1 1 2
27.730 10.520 6.392 10.163 104.140 1 1 2
27.720 10.520 4.985 9.428 114.881 1 1 2
27.830 10.520 6.294 10.030 78.275 1 1 2
27.780 10.550 5.761 9.250 81.802 1 1 2
27.580 10.540 5.762 9.389 61.440 1 1 2
27.580 10.550 7.764 11.354 100.058 1 1 2
27.760 10.560 5.187 8.665 62.669 1 1 2
27.400 10.570 5.864 9.370 99.993 1 1 2
27.570 10.570 6.417 9.662 82.963 1 1 2
27.390 10.580 7.130 10.674 81.114 1 1 2
27.360 10.590 7.171 10.612 92.058 1 1 2
27.150 10.590 4.937 8.692 63.673 1 1 2
27.350 10.590 5.582 9.502 101.189 1 1 2
27.300 10.600 6.520 10.019 89.052 1 1 2
27.160 10.610 6.441 9.819 79.324 1 1 2
27.130 10.620 6.118 9.088 77.148 1 1 2
27.240 10.620 4.896 7.988 79.617 1 1 2
27.360 10.640 6.036 9.194 79.957 1 1 2
27.730 10.660 6.592 10.168 86.854 1 1 2
27.560 10.690 7.447 10.794 83.819 1 1 2
27.110 10.720 5.759 9.043 57.725 1 1 2
27.210 10.730 6.435 8.963 61.371 1 1 2
27.130 10.750 7.139 9.984 84.435 1 1 2
26.920 10.760 6.118 9.033 73.210 1 1 2
26.700 10.790 6.449 9.451 54.300 1 1 2
26.860 10.790 6.409 9.563 60.048 1 1 2
26.750 10.810 8.535 11.343 93.013 1 1 2
26.750 10.820 6.485 9.950 41.886 1 1 2
26.720 10.830 7.339 10.408 37.493 1 1 2
26.700 10.850 6.657 9.693 84.453 1 1 2
26.820 10.860 7.410 10.719 77.857 1 1 2
26.660 10.880 6.589 9.659 77.809 1 1 2
26.830 10.890 6.897 9.674 53.702 1 1 2
26.470 10.910 7.939 11.087 56.810 1 1 2
26.410 10.930 6.373 9.546 65.408 1 1 2
26.310 10.930 7.623 10.760 61.310 1 1 2
26.270 10.940 7.189 10.476 55.419 1 1 2
26.310 10.960 7.084 10.848 90.505 1 1 2
26.130 10.960 6.607 10.028 76.396 1 1 2
26.230 10.960 6.200 8.921 60.543 1 1 2
26.270 10.970 6.497 10.132 103.330 1 1 2
26.110 10.970 7.581 11.454 96.954 1 1 2
26.200 10.980 4.285 7.117 62.426 1 1 2
26.120 10.980 5.872 8.948 61.578 1 1 2
25.940 10.990 5.450 8.585 116.867 1 1 2
26.060 10.990 5.398 8.555 71.202 1 1 2
25.960 10.980 5.800 9.092 87.047 1 1 2
26.140 10.990 6.951 10.044 71.248 1 1 2
25.960 10.990 5.007 7.702 94.676 1 1 2
26.080 10.990 5.222 8.537 75.129 1 1 2
26.030 10.990 6.389 9.608 70.441 1 1 2
26.050 11.000 4.966 8.574 98.358 1 1 2
26.240 11.000 6.698 10.202 87.351 1 1 2
25.970 11.010 7.106 10.291 61.750 1 1 2
25.990 11.010 8.349 12.042 80.362 1 1 2
26.200 11.030 7.783 11.435 73.352 1 1 2
25.950 11.020 8.120 11.507 128.935 1 1 2
26.180 11.030 7.734 10.966 90.666 1 1 2
26.430 11.040 8.467 12.162 111.859 1 1 2
26.100 11.050 9.010 12.467 93.953 1 1 2
26.170 11.050 6.655 10.525 67.376 1 1 2
26.090 11.060 7.621 11.387 66.647 1 1 2
26.010 11.060 8.638 12.389 79.850 1 1 2
25.900 11.060 7.354 10.748 103.725 1 1 2
26.080 11.060 8.938 12.280 95.135 1 1 2
25.850 11.050 7.553 11.116 73.224 1 1 2
25.970 11.050 8.015 11.595 75.144 1 1 2
26.140 11.050 8.659 11.791 92.868 1 1 2
26.090 11.060 7.765 11.209 96.993 1 1 2
25.910 11.060 5.889 9.360 105.125 1 1 2
25.960 11.060 9.137 12.613 105.549 1 1 2
25.900 11.050 8.127 11.365 88.831 1 1 2
25.840 11.050 5.410 8.505 92.996 1 1 2
25.770 11.040 7.981 11.298 89.712 1 1 2
25.750 11.050 7.965 11.349 80.245 1 1 2
25.750 11.040 7.499 10.530 68.108 1 1 2
25.670 11.040 5.614 8.681 88.542 1 1 2
25.790 11.020 6.827 9.930 107.063 1 1 2
25.630 11.010 7.232 10.529 84.107 1 1 2
25.620 11.010 4.927 7.876 68.006 1 1 2
25.710 11.000 5.160 8.139 57.269 1 1 2
25.850 11.000 6.275 9.401 61.935 1 1 2
25.850 10.980 5.049 7.985 85.550 1 1 2
25.740 10.980 5.897 9.257 41.370 1 1 2
25.850 10.980 4.677 7.806 56.257 1 1 2
25.770 10.960 4.543 7.369 96.551 1 1 2
25.800 10.960 5.224 8.331 73.570 1 1 2
25.950 10.950 5.092 7.868 77.342 1 1 2
26.050 10.950 4.806 7.751 82.344 1 1 2
25.900 10.950 5.218 8.084 103.194 1 1 2
25.920 10.940 4.776 8.003 52.617 1 1 2
25.930 10.930 3.294 6.558 143.478 1 1 2
25.840 10.910 3.566 6.445 101.541 1 1 2
25.970 10.910 4.791 7.764 77.844 1 1 2
25.920 10.890 3.879 6.713 44.647 1 1 2
25.840 10.890 3.186 6.383 55.238 1 1 2
25.840 10.880 4.418 7.468 106.205 1 1 2
25.790 10.860 4.895 8.066 110.783 1 1 2
25.880 10.860 3.237 6.192 74.924 1 1 2
25.930 10.850 5.241 7.789 105.741 1 1 2
25.830 10.840 6.961 10.007 60.746 1 1 2
25.840 10.830 3.516 6.830 79.989 1 1 2
25.880 10.820 4.993 7.924 83.141 1 1 2
25.800 10.810 5.342 8.182 51.631 1 1 2
25.950 10.790 3.889 6.791 105.357 1 1 2
25.910 10.790 5.228 8.049 57.447 1 1 2
25.910 10.770 3.513 6.187 68.027 1 1 2
26.140 10.760 6.478 9.348 81.777 1 1 2
26.040 10.750 5.511 8.409 129.624 1 1 2
26.030 10.740 6.524 9.670 60.433 1 1 2
26.000 10.730 3.690 6.735 51.633 1 1 2
26.040 10.710 4.478 7.111 71.768 1 1 2
25.990 10.700 5.636 8.383 68.926 1 1 2
25.970 10.680 4.850 7.872 69.629 1 1 2
26.130 10.670 3.810 6.978 95.037 1 1 2
26.200 10.660 7.029 9.982 85.893 1 1 2
26.400 10.650 7.432 10.510 81.785 1 1 2
26.380 10.650 7.164 9.971 80.775 1 1 2
26.170 10.640 4.838 8.012 51.561 1 1 2
26.480 10.630 5.653 8.859 76.292 1 1 2
26.520 10.630 5.678 8.449 58.341 1 1 2
26.470 10.620 6.594 9.778 67.217 1 1 2
26.320 10.620 5.661 8.455 90.035 1 1 2
26.310 10.610 4.524 6.904 50.158 1 1 2
26.620 10.600 5.925 9.285 58.203 1 1 2
26.750 10.610 6.870 9.915 81.888 1 1 2
26.540 10.610 6.522 9.444 60.824 1 1 2
26.520 10.610 7.112 10.516 75.128 1 1 2
26.560 10.610 5.461 8.418 55.139 1 1 2
26.400 10.610 6.226 9.487 88.140 1 1 2
26.390 10.600 4.617 7.550 38.690 1 1 2
26.570 10.600 4.224 8.134 68.610 1 1 2
26.690 10.600 4.289 8.227 82.789 1 1 2
26.520 10.610 4.328 8.136 80.155 1 1 2
26.380 10.600 4.207 7.482 109.714 1 1 2
26.490 10.600 4.146 7.354 53.942 1 1 2
26.500 10.590 5.441 8.857 93.666 1 1 2
26.510 10.580 3.515 6.428 46.886 1 1 2
26.440 10.570 4.002 7.200 102.331 1 1 2
26.490 10.560 3.514 6.772 114.557 1 1 2
26.540 10.560 4.173 7.328 77.721 1 1 2
26.610 10.550 4.238 7.862 73.016 1 1 2
26.590 10.540 6.398 10.309 82.070 1 1 2
26.610 10.530 5.322 8.863 95.705 1 1 2
26.530 10.520 3.466 6.870 105.423 1 1 2
26.700 10.520 4.426 7.411 70.256 1 1 2
26.660 10.490 4.636 8.257 77.295 1 1 2
26.730 10.490 3.559 6.804 66.279 1 1 2
26.750 10.480 4.564 8.539 131.908 1 1 2
26.740 10.460 4.837 8.254 57.980 1 1 2
26.730 10.450 4.680 8.330 91.582 1 1 2
26.670 10.430 4.016 6.969 86.562 1 1 2
27.100 10.420 3.597 6.685 86.215 1 1 2
27.300 10.410 4.923 8.392 74.522 1 1 2
27.320 10.420 4.693 7.741 87.773 1 1 2
27.200 10.410 2.943 6.804 110.043 1 1 2
27.020 10.400 3.305 6.817 75.161 1 1 2
27.310 10.400 5.749 9.435 70.592 1 1 2
27.460 10.400 3.998 7.106 71.570 1 1 2
27.330 10.410 6.056 9.852 76.932 1 1 2
27.410 10.420 3.999 6.841 53.028 1 1 2
27.180 10.410 4.036 7.092 55.380 1 1 2
27.480 10.410 5.281 8.318 63.635 1 1 2
27.280 10.410 4.674 8.062 57.509 1 1 2
27.450 10.410 3.883 6.808 64.333 1 1 2
27.480 10.410 4.965 7.962 71.211 1 1 2
27.540 10.410 5.093 8.172 68.910 1 1 2
27.580 10.410 5.149 7.930 85.144 1 1 2
27.590 10.410 5.259 8.834 56.865 1 1 2
27.510 10.410 4.314 7.477 61.155 1 1 2
27.730 10.410 4.227 7.404 59.679 1 1 2
27.560 10.410 5.109 7.990 82.021 1 1 2
27.670 10.410 4.421 7.753 69.219 1 1 2
27.530 10.410 5.879 8.708 77.875 1 1 2
27.460 10.400 6.349 8.823 64.439 1 1 2
27.410 10.390 3.571 6.086 54.338 1 1 2
27.640 10.380 3.614 5.728 48.464 1 1 2
27.610 10.370 5.255 8.190 56.759 1 1 2
27.680 10.360 3.634 6.489 81.618 1 1 2
27.790 10.360 4.371 7.144 70.829 1 1 2
27.700 10.340 3.851 7.071 55.508 1 1 2
27.900 10.330 5.449 7.872 66.856 1 1 2
27.710 10.320 4.581 7.329 40.726 1 1 2
27.870 10.310 4.885 7.645 33.579 1 1 2
27.880 10.300 4.168 6.924 69.264 1 1 2
28.120 10.300 5.221 8.156 57.793 1 1 2
28.320 10.300 4.381 6.697 47.543 1 1 2
28.200 10.300 5.829 8.134 40.553 1 1 2
28.170 10.290 4.114 6.467 87.849 1 1 2
27.990 10.280 5.317 8.054 33.652 1 1 2
28.100 10.270 5.217 7.536 38.523 1 1 2
28.060 10.260 4.358 6.739 51.991 1 1 2
28.260 10.260 4.519 7.039 37.008 1 1 2
28.340 10.260 5.569 7.905 29.810 1 1 2
28.380 10.260 5.412 7.553 48.275 1 1 2
28.220 10.250 4.765 7.129 66.260 1 1 2
28.380 10.250 5.851 8.314 33.953 1 1 2
28.250 10.250 4.848 7.621 27.008 1 1 2
28.170 10.240 5.352 7.652 47.002 1 1 2
28.300 10.230 4.005 6.237 30.127 1 1 2
28.380 10.230 5.284 7.754 54.326 1 1 2
28.390 10.230 5.402 7.602 26.022 1 1 2
28.550 10.230 6.687 8.799 46.700 1 1 2
28.530 10.230 6.412 8.426 45.850 1 1 2
28.590 10.230 5.536 7.735 72.410 1 1 2
28.480 10.220 4.327 6.841 48.822 1 1 2
28.620 10.220 5.699 7.932 41.048 1 1 2
28.430 10.220 6.185 9.221 40.335 1 1 2
28.460 10.210 5.604 8.160 43.483 1 1 2
28.410 10.200 5.274 7.730 42.168 1 1 2
28.430 10.200 5.069 7.671 37.752 1 1 2
28.590 10.200 5.068 7.390 37.389 1 1 2
28.860 10.200 4.425 6.541 55.213 1 1 2
28.750 10.210 6.636 8.518 23.262 1 1 2
28.750 10.220 5.869 8.295 54.987 1 1 2
28.720 10.230 6.922 9.313 31.983 1 1 2
28.880 10.240 5.970 8.339 72.576 1 1 2
28.830 10.250 5.604 7.885 42.478 1 1 2
28.620 10.260 5.670 8.077 51.179 1 1 2
28.450 10.250 5.999 8.477 49.668 1 1 2
28.750 10.250 6.714 9.243 41.137 1 1 2
28.700 10.260 7.240 9.539 43.994 1 1 2
28.740 10.250 6.829 9.487 62.217 1 1 2
28.790 10.260 7.724 9.742 34.098 1 1 2
28.880 10.260 7.560 10.278 45.856 1 1 2
28.940 10.260 6.682 9.103 45.606 1 1 2
28.970 10.260 6.633 9.107 43.485 1 1 2
29.490 10.270 5.771 8.221 55.913 1 1 2
29.360 10.270 7.689 9.717 46.325 1 1 2
29.550 10.270 6.783 9.047 40.833 1 1 2
29.400 10.280 7.601 10.022 43.364 1 1 2
29.240 10.290 5.791 8.497 46.823 1 1 2
29.580 10.300 5.502 7.976 26.759 1 1 2
29.600 10.310 6.522 9.153 45.297 1 1 2
29.610 10.330 7.676 10.234 43.574 1 1 2
30.100 10.340 9.012 11.622 43.771 1 1 2
30.660 10.370 9.897 12.838 76.741 1 1 2
29.600 10.400 9.877 12.647 37.741 1 1 2
29.710 10.410 8.827 11.948 42.246 1 1 2
29.730 10.430 9.154 11.857 64.435 1 1 2
30.300 10.450 8.591 11.376 37.206 1 1 2
30.020 10.490 8.357 11.486 74.140 1 1 2
29.850 10.510 8.975 11.778 29.137 1 1 2
29.620 10.520 7.882 10.643 33.961 1 1 2
30.350 10.550 11.066 13.885 52.358 1 1 2
29.890 10.580 8.490 11.096 33.664 1 1 2
29.890 10.590 11.494 14.018 79.763 1 1 2
30.460 10.620 10.816 13.360 44.879 1 1 2
30.580 10.660 12.467 15.098 51.211 1 1 2
30.310 10.710 11.012 14.016 53.169 1 1 2
30.050 10.730 10.966 13.748 46.362 1 1 2
29.400 10.770 9.564 12.668 29.320 1 1 2
29.170 10.780 9.527 12.212 67.253 1 1 2
28.960 10.790 8.905 11.829 58.956 1 1 2
29.270 10.810 10.778 13.294 58.539 1 1 2
29.240 10.820 11.852 14.531 50.884 1 1 2
29.040 10.830 9.768 12.415 51.499 1 1 2
28.920 10.850 8.395 10.745 60.159 1 1 2
28.730 10.860 10.901 13.554 53.539 1 1 2
28.770 10.860 8.573 10.900 41.950 1 1 2
28.740 10.870 10.067 12.635 60.498 1 1 2
28.680 10.880 9.755 11.594 42.632 1 1 2
28.800 10.880 9.661 11.743 33.649 1 1 2
28.720 10.890 10.460 12.756 55.876 1 1 2
28.560 10.910 9.028 11.434 61.376 1 1 2
28.520 10.920 10.323 12.456 66.870 1 1 2
28.550 10.930 9.445 11.618 27.019 1 1 2
28.720 10.940 11.495 13.817 44.451 1 1 2
28.760 10.970 9.406 11.737 55.295 1 1 2
28.610 10.980 11.092 13.202 51.441 1 1 2
28.760 11.000 10.232 12.780 54.850 1 1 2
28.620 11.030 11.011 13.304 52.442 1 1 2
28.640 11.050 10.085 12.627 61.782 1 1 2
28.490 11.070 9.573 11.848 53.399 1 1 2
28.530 11.080 12.010 14.416 70.100 1 1 1
28.620 11.100 11.841 14.058 52.777 1 1 1
28.440 11.110 10.571 12.972 52.900 1 1 1
28.650 11.120 11.517 13.853 52.004 1 1 1
28.670 11.150 13.193 16.063 46.638 1 1 1
28.520 11.170 12.196 14.496 39.793 1 1 1
29.180 11.200 16.234 19.455 51.982 1 1 1
28.270 11.220 10.979 13.230 39.392 1 1 1
28.160 11.240 11.902 14.028 51.084 1 1 1
28.220 11.260 9.990 12.135 32.160 1 1 1
28.140 11.270 10.980 12.844 56.033 1 1 1
28.170 11.290 9.249 11.591 58.967 1 1 1
28.240 11.320 10.421 12.934 43.200 1 1 1
28.230 11.330 10.529 12.601 69.065 1 1 1
28.170 11.360 12.803 14.985 47.261 1 1 1
28.120 11.380 11.024 13.078 28.605 1 1 1
28.070 11.400 12.263 14.016 47.669 1 1 1
27.860 11.410 8.331 10.854 35.027 1 1 1
27.920 11.420 9.993 11.787 64.979 1 1 1
27.910 11.440 10.538 12.539 23.308 1 1 1
27.830 11.460 11.731 13.860 40.458 1 1 1
27.760 11.480 9.857 12.155 44.064 1 1 1
27.730 11.500 9.687 11.461 40.074 1 1 1
27.530 11.520 12.262 14.371 39.670 1 1 1
27.580 11.540 8.987 11.202 37.546 1 1 1
27.630 11.550 10.003 11.895 38.883 1 1 1
27.510 11.560 12.179 14.257 44.898 1 1 1
27.300 11.580 10.417 12.882 51.404 1 1 1
27.310 11.580 7.618 9.460 33.811 1 1 1
27.430 11.590 7.475 9.437 36.427 1 1 1
27.400 11.600 10.182 12.369 35.195 1 1 1
27.450 11.620 6.472 8.455 23.517 1 1 1
27.520 11.630 9.302 11.420 36.888 1 1 1
27.520 11.630 9.170 11.063 29.612 1 1 1
27.600 11.640 6.932 8.604 17.806 1 1 1
27.760 11.670 10.774 13.273 38.516 1 1 1
27.400 11.670 10.214 12.085 29.747 1 1 1
27.530 11.690 7.264 9.458 42.577 1 1 1
27.470 11.700 7.529 9.726 24.931 1 1 1
27.460 11.710 8.830 10.909 27.302 1 1 1
27.470 11.720 7.986 10.153 30.838 1 1 1
27.510 11.730 7.785 9.335 27.771 1 1 1
27.730 11.750 10.113 12.428 29.909 1 1 1
27.500 11.760 9.910 11.960 32.147 1 1 1
27.510 11.770 9.007 10.854 31.400 1 1 1
27.460 11.780 8.416 10.408 28.474 1 1 1
27.480 11.790 10.717 13.095 36.201 1 1 1
27.420 11.800 7.670 9.766 28.083 1 1 1
27.360 11.800 8.157 10.012 36.897 1 1 1
27.340 11.790 5.235 7.329 20.191 1 1 1
27.380 11.800 9.122 11.528 44.599 1 1 1
27.450 11.800 8.486 10.562 25.404 1 1 1
27.460 11.800 10.074 12.212 42.943 1 1 1
27.420 11.810 9.105 11.075 23.368 1 1 1
27.550 11.810 8.026 9.518 25.340 1 1 1
27.510 11.800 11.705 13.613 23.886 1 1 1
27.430 11.810 9.843 11.825 38.200 1 1 1
27.360 11.810 7.757 9.604 43.563 1 1 1
27.470 11.800 7.867 10.467 35.600 1 1 1
27.630 11.800 6.695 8.714 51.717 1 1 1
27.670 11.800 9.860 12.092 23.244 1 1 1
27.560 11.800 9.362 11.221 34.451 1 1 1
27.640 11.790 8.085 10.383 154.080 1 1 1
27.740 11.780 8.188 10.727 50.085 1 1 1
27.670 11.770 8.181 10.355 30.353 1 1 1
27.730 11.780 7.936 10.386 56.121 1 1 1
27.710 11.770 9.217 11.415 30.781 1 1 1
27.790 11.760 7.204 9.219 53.001 1 1 1
27.820 11.760 7.902 10.458 35.547 1 1 1
27.910 11.750 8.945 11.290 56.158 1 1 1
27.810 11.730 5.646 7.801 35.917 1 1 1
27.820 11.720 7.315 9.506 51.488 1 1 1
27.790 11.710 7.091 9.034 53.947 1 1 1
27.780 11.690 7.590 9.730 46.597 1 1 1
27.820 11.690 6.687 8.914 20.579 1 1 1
27.880 11.680 7.549 10.263 58.394 1 1 1
27.920 11.670 8.493 10.560 22.045 1 1 1
27.960 11.660 7.927 10.176 37.009 1 1 1
28.070 11.650 9.115 11.291 30.446 1 1 1
28.060 11.650 8.067 9.973 27.606 1 1 1
28.000 11.640 7.735 10.130 68.248 1 1 1
28.190 11.620 6.448 8.401 34.718 1 1 1
28.390 11.620 8.009 10.064 36.934 1 1 1
28.210 11.630 6.896 8.821 31.141 1 1 1
28.110 11.620 7.020 9.165 46.339 1 1 1
28.240 11.610 6.640 9.067 57.491 1 1 1
28.210 11.610 9.326 11.487 48.549 1 1 1
28.550 11.610 10.004 12.071 38.674 1 1 1
28.560 11.620 9.463 11.870 45.546 1 1 1
28.390 11.630 10.922 13.041 29.921 1 1 1
28.500 11.640 9.025 11.481 31.739 1 1 1
28.570 11.650 9.349 11.703 30.828 1 1 1
28.570 11.660 10.148 12.653 34.181 1 1 1
28.470 11.670 8.926 11.011 41.433 1 1 1
28.610 11.670 8.806 11.227 27.257 1 1 1
28.540 11.680 9.007 11.503 47.019 1 1 1
28.590 11.680 10.224 12.292 33.499 1 1 1
28.760 11.690 10.396 12.595 40.267 1 1 1
28.370 11.690 7.300 9.816 36.353 1 1 1
28.260 11.700 8.722 11.025 50.775 1 1 1
28.230 11.710 7.316 9.284 41.780 1 1 1
28.100 11.710 9.260 11.571 36.858 1 1 1
28.140 11.710 8.293 10.517 33.940 1 1 1
28.000 11.710 9.471 11.401 27.517 1 1 1
27.880 11.710 8.623 10.924 36.799 1 1 1
28.050 11.700 4.886 7.200 43.641 1 1 1
28.060 11.690 6.769 8.968 52.319 1 1 1
28.230 11.690 10.068 12.111 40.185 1 1 1
28.120 11.690 8.943 11.071 26.328 1 1 1
28.090 11.680 8.973 11.294 41.765 1 1 1
28.030 11.680 9.943 11.773 43.063 1 1 1
28.140 11.670 9.000 11.352 32.840 1 1 1
28.040 11.670 8.198 10.404 29.679 1 1 1
28.050 11.660 8.452 10.454 35.576 1 1 1
28.210 11.650 8.127 10.231 49.494 1 1 1
28.170 11.630 7.913 10.531 54.835 1 1 1
28.140 11.630 8.124 10.453 28.432 1 1 1
28.120 11.620 8.412 10.472 20.898 1 1 1
28.120 11.610 7.531 9.578 33.706 1 1 1
28.280 11.600 8.566 10.349 20.216 1 1 1
28.100 11.590 5.574 7.554 17.532 1 1 1
28.200 11.580 7.276 9.512 37.462 1 1 1
28.280 11.570 7.736 9.988 31.772 1 1 1
28.300 11.560 10.508 12.602 50.150 1 1 1
28.360 11.550 8.236 10.381 33.740 1 1 1
28.480 11.540 6.778 8.883 23.776 1 1 1
28.640 11.540 10.345 12.644 29.886 1 1 1
28.500 11.530 10.364 12.378 53.388 1 1 1
28.740 11.520 9.665 11.922 45.934 1 1 1
28.660 11.510 9.731 11.750 46.112 1 1 1
28.640 11.510 10.170 12.458 32.494 1 1 1
28.760 11.500 11.199 13.448 57.858 1 1 1
28.700 11.490 10.085 12.120 62.182 1 1 1
28.760 11.470 10.605 12.671 37.540 1 1 1
28.610 11.460 6.275 8.268 43.279 1 1 1
28.650 11.440 10.010 11.956 35.416 1 1 1
28.650 11.430 11.129 13.207 34.004 1 1 1
28.820 11.420 9.251 11.343 82.238 1 1 1
28.810 11.410 10.727 12.785 33.802 1 1 1
28.710 11.410 10.389 12.596 61.557 1 1 1
28.780 11.400 11.158 13.519 40.488 1 1 1
28.550 11.390 10.960 13.163 42.604 1 1 1
28.570 11.390 8.113 10.522 44.886 1 1 1
28.660 11.360 8.529 10.743 32.849 1 1 1
28.870 11.360 6.565 8.697 50.937 1 1 1
28.910 11.360 11.538 13.775 79.712 1 1 1
28.780 11.360 9.657 12.351 51.294 1 1 1
28.660 11.340 8.943 11.551 33.158 1 1 1
28.820 11.340 8.745 11.158 48.285 1 1 1
28.680 11.330 10.961 13.771 35.236 1 1 1
28.630 11.340 11.340 13.529 44.082 1 1 1
28.450 11.330 9.740 12.278 40.053 1 1 1
28.510 11.310 8.685 11.096 76.433 1 1 1
28.510 11.310 7.385 9.783 145.241 1 1 1
28.670 11.300 10.350 12.437 40.036 1 1 1
28.670 11.300 10.113 12.226 40.002 1 1 1
28.570 11.290 11.554 13.849 43.755 1 1 1
28.620 11.280 10.727 12.886 34.352 1 1 1
28.520 11.270 7.692 9.916 51.684 1 1 1
28.680 11.260 11.192 13.543 102.667 1 1 1
28.630 11.250 10.581 12.488 28.716 1 1 1
28.770 11.240 10.205 12.341 28.886 1 1 1
28.950 11.230 13.372 15.438 46.544 1 1 1
29.040 11.220 11.345 13.589 37.761 1 1 1
29.000 11.230 11.628 13.882 36.963 1 1 1
29.120 11.230 12.939 15.003 37.542 1 1 1
29.010 11.230 11.488 14.012 42.636 1 1 1
29.270 11.230 11.037 13.631 27.718 1 1 1
29.210 11.240 12.708 15.021 50.077 1 1 1
29.010 11.230 9.992 12.110 45.209 1 1 1
29.280 11.230 13.056 14.882 56.997 1 1 1
29.240 11.230 12.295 14.199 36.212 1 1 1
29.270 11.230 11.808 13.904 54.413 1 1 1
29.170 11.250 12.423 14.502 56.377 1 1 1
29.300 11.240 11.441 13.918 52.408 1 1 1
29.350 11.250 12.847 15.056 40.939 1 1 1
29.360 11.260 10.991 13.351 58.572 1 1 1
29.350 11.270 11.823 13.744 45.222 1 1 1
29.240 11.270 13.990 16.378 41.717 1 1 1
29.100 11.260 10.763 13.314 28.838 1 1 1
29.240 11.270 11.477 13.798 27.731 1 0 1
29.090 11.260 12.411 14.525 71.420 1 0 1
29.230 11.270 9.865 12.125 40.144 1 0 1
29.190 11.260 12.367 14.753 61.873 1 0 1
29.080 11.260 11.217 13.735 39.313 1 0 1
29.020 11.250 9.317 11.660 43.232 1 0 1
29.020 11.250 10.338 12.532 54.316 1 0 1
29.220 11.240 11.283 13.720 34.931 1 0 1
29.190 11.240 8.771 11.264 56.616 1 0 1
29.330 11.240 10.508 12.935 24.458 1 0 1
29.310 11.240 9.882 12.114 29.923 1 0 1
29.630 11.250 12.449 14.674 57.195 1 0 1
29.470 11.260 11.452 13.633 47.556 1 0 1
29.340 11.280 14.406 17.110 49.069 1 0 1
29.390 11.290 11.782 14.291 64.227 1 0 1
29.470 11.310 14.873 17.907 48.242 1 0 1
29.350 11.320 13.436 15.599 31.164 1 0 1
29.330 11.330 11.955 14.075 50.055 1 0 1
29.340 11.340 13.953 16.614 55.915 1 0 1
29.270 11.360 12.281 15.185 39.824 1 0 1
29.100 11.380 11.995 14.144 49.143 1 0 1
28.990 11.390 11.843 14.407 62.099 1 0 1
29.050 11.420 12.919 15.466 46.616 1 0 1
28.900 11.430 13.326 15.588 84.495 1 0 1
28.870 11.440 12.857 14.957 41.650 1 0 1
28.830 11.450 12.201 14.718 43.726 1 0 1
28.850 11.460 13.072 15.334 49.101 1 0 1
28.750 11.480 11.985 14.180 34.751 1 0 1
28.730 11.480 12.916 15.395 38.777 1 0 1
28.800 11.490 13.500 16.080 47.945 1 0 1
28.680 11.500 12.427 14.549 42.648 1 0 1
28.670 11.510 11.150 13.391 32.043 1 0 1
28.610 11.510 12.993 15.404 49.120 1 0 1
28.590 11.530 12.307 14.342 52.847 1 0 1
28.560 11.530 11.420 13.457 36.127 1 0 1
28.480 11.540 12.659 15.564 43.713 1 0 1
28.510 11.550 12.416 14.817 28.370 1 0 1
28.700 11.560 11.257 13.461 54.411 1 0 1
28.660 11.580 12.196 14.771 45.453 1 0 1
28.490 11.600 12.256 14.236 54.187 1 0 1
28.590 11.610 13.604 15.679 41.994 1 0 1
28.530 11.620 13.182 15.501 33.596 1 0 1
28.680 11.630 12.805 15.244 43.304 1 0 1
28.590 11.640 13.126 15.244 47.142 1 0 1
28.500 11.660 15.112 17.867 42.180 1 0 1
28.390 11.660 11.203 13.497 37.731 1 0 1
28.510 11.670 10.986 13.361 44.030 1 0 1
28.560 11.680 11.447 13.857 44.752 1 0 1
28.660 11.690 15.026 17.074 31.827 1 0 1
28.470 11.690 14.165 16.905 50.187 1 0 1
28.450 11.700 15.751 18.069 58.562 1 0 1
28.500 11.710 15.789 18.174 40.267 1 0 1
28.460 11.720 13.900 16.172 43.064 1 0 1
28.660 11.730 14.902 17.354 57.620 1 0 1
28.530 11.740 16.579 19.188 57.070 1 0 1
28.520 11.750 15.992 18.150 47.797 1 0 1
28.590 11.760 17.305 19.659 63.657 1 0 1
28.660 11.770 15.596 17.932 46.295 1 0 1
28.640 11.770 17.871 20.394 87.455 1 0 1
28.660 11.780 16.477 19.517 56.077 1 0 1
28.740 11.770 14.913 17.482 32.598 1 0 1
28.580 11.790 15.838 18.502 36.620 1 0 1
28.600 11.780 12.498 14.975 41.591 1 0 1
28.690 11.780 14.914 17.520 42.330 1 0 1
28.510 11.790 13.797 16.300 53.916 1 0 1
28.620 11.780 15.664 18.054 56.872 1 0 1
28.770 11.780 13.793 16.231 39.631 1 0 1
28.890 11.790 15.101 17.836 48.006 1 0 1
28.980 11.790 17.533 20.537 65.276 1 0 1
28.870 11.800 15.546 18.401 36.397 1 0 1
29.220 11.820 18.053 20.960 45.478 1 0 1
29.000 11.830 16.518 19.292 36.309 1 0 1
28.960 11.840 17.291 20.198 46.813 1 0 1
29.210 11.840 19.035 22.193 68.413 1 0 1
29.170 11.850 20.118 23.143 67.880 1 0 1
29.030 11.840 18.043 21.274 55.973 1 0 1
29.090 11.850 14.596 17.246 46.673 1 0 1
29.120 11.840 17.118 20.081 42.560 1 0 1
29.200 11.850 16.868 19.682 65.263 1 0 1
29.320 11.860 18.831 22.276 65.139 1 0 1
29.140 11.860 18.433 21.593 60.840 1 0 1
29.220 11.870 20.548 23.841 61.803 1 0 1
29.330 11.880 20.315 23.752 78.718 1 0 1
29.290 11.880 14.119 17.450 81.996 1 0 1
29.390 11.900 19.062 21.821 50.506 1 0 1
29.230 11.890 17.317 20.745 56.164 1 0 1
29.220 11.880 17.314 20.911 56.829 1 0 1
29.250 11.890 19.869 23.472 63.071 1 0 1
29.360 11.890 15.071 18.114 48.671 1 0 1
29.220 11.880 17.791 20.886 48.327 1 0 1
29.190 11.880 13.951 16.909 46.904 1 0 1
29.340 11.860 17.523 20.586 70.212 1 0 1
29.510 11.860 19.954 23.519 69.661 1 0 1
29.360 11.860 18.872 22.306 68.833 1 0 1
29.430 11.850 17.767 20.845 55.193 1 0 1
29.400 11.850 18.528 21.422 58.822 1 0 1
29.310 11.850 17.418 20.868 69.932 1 0 1
29.290 11.840 14.583 18.078 66.913 1 0 1
29.390 11.840 19.722 22.935 76.775 1 0 1
29.370 11.840 18.656 21.914 75.755 1 0 1
29.380 11.830 19.001 22.497 69.640 1 0 1
29.330 11.840 14.223 17.758 43.215 1 0 1
29.380 11.840 19.322 22.783 70.294 1 0 1
29.380 11.840 19.169 22.368 58.324 1 0 1
29.210 11.840 15.217 18.870 60.581 1 0 1
29.220 11.840 20.009 24.044 70.740 1 0 1
29.220 11.850 18.923 22.709 67.986 1 0 1
29.210 11.850 19.192 22.311 43.062 1 0 1
29.170 11.840 20.336 24.109 120.097 1 0 1
29.160 11.850 19.335 23.109 77.750 1 0 1
29.130 11.850 18.853 22.713 55.755 1 0 1
28.980 11.870 21.132 24.363 75.034 1 0 1
29.020 11.870 20.769 24.177 62.301 1 0 1
29.030 11.860 21.573 25.284 72.519 1 0 1
29.000 11.860 19.888 23.441 80.616 1 0 1
28.900 11.860 18.791 22.201 49.892 1 0 1
28.930 11.860 24.006 27.358 73.171 1 0 1
28.910 11.860 21.172 24.355 52.748 1 0 1
28.880 11.870 19.353 22.444 54.389 1 0 1
28.770 11.870 20.121 23.338 63.786 1 0 1
28.660 11.880 17.894 21.750 78.553 1 0 1
28.490 11.880 21.360 24.898 75.798 1 0 1
28.610 11.880 19.427 23.028 69.911 1 0 1
28.550 11.900 18.736 22.181 73.472 1 0 1
28.540 11.910 18.281 21.950 65.176 1 0 1
28.450 11.920 19.131 22.715 60.256 1 0 1
28.370 11.930 19.474 23.084 67.418 1 0 1
28.270 11.940 19.950 23.169 68.512 1 0 1
28.200 11.950 18.990 22.493 72.335 1 0 1
28.120 11.950 19.440 23.189 61.544 1 0 1
28.120 11.970 17.824 21.227 81.321 1 0 1
27.890 11.980 19.838 24.054 70.852 1 0 1
27.800 11.980 20.783 24.135 64.133 1 0 1
27.760 11.990 20.074 23.658 103.682 1 0 1
27.620 11.990 21.736 26.100 84.556 1 0 1
27.510 11.990 16.089 19.725 64.419 1 0 1
27.460 11.990 23.037 26.922 101.968 1 0 1
27.400 12.000 22.150 25.639 85.403 1 0 1
27.320 11.990 21.135 25.127 65.139 1 0 1
27.420 12.010 22.563 26.751 133.084 1 0 1
27.270 12.020 23.164 27.668 84.349 1 0 1
27.270 12.020 18.981 22.961 71.573 1 0 1
27.240 12.030 21.853 25.366 90.194 1 0 1
27.080 12.030 20.368 24.595 84.486 1 0 1
27.050 12.020 21.128 25.235 63.056 1 0 1
26.930 12.020 19.863 24.118 77.479 1 0 1
26.850 12.030 20.797 24.782 65.098 1 0 1
26.880 12.030 20.323 24.171 75.636 1 0 1
26.880 12.040 19.377 23.990 61.775 1 0 1
26.990 12.060 23.894 27.587 88.785 1 0 1
27.090 12.070 26.248 30.405 91.685 1 0 1
27.900 12.090 38.466 42.849 92.795 1 0 1
27.720 12.110 43.278 48.241 82.316 1 0 1
27.400 12.140 36.976 41.721 111.275 1 0 1
27.520 12.170 48.158 53.156 109.605 1 0 1
27.760 12.200 49.085 54.733 103.207 1 0 1
27.980 12.230 71.266 77.490 156.323 1 0 1
27.880 12.280 42.924 48.341 124.624 1 0 1
27.780 12.320 38.086 42.954 83.348 1 0 1
27.180 12.360 31.670 36.354 102.927 1 0 1
26.510 12.380 24.150 28.425 71.278 1 0 1
27.190 12.410 34.245 39.190 90.952 1 0 1
27.140 12.440 32.475 37.369 93.092 1 0 1
27.130 12.480 36.948 41.593 110.493 1 0 1
26.770 12.520 30.218 35.610 114.897 1 0 1
26.840 12.550 31.351 36.574 111.600 1 0 1
27.100 12.580 33.435 38.591 106.678 1 0 1
27.360 12.620 33.106 38.882 107.507 1 0 1
26.430 12.670 28.145 32.973 81.603 1 0 1
26.130 12.690 24.718 29.290 110.809 1 0 1
25.800 12.720 26.994 31.297 83.181 1 0 1
26.280 12.740 29.332 33.470 122.828 1 0 1
26.390 12.780 36.415 41.777 113.418 1 0 1
26.350 12.800 35.424 40.503 94.256 1 0 1
26.870 12.820 42.453 47.544 134.499 1 0 1
26.890 12.870 43.374 48.929 126.320 1 0 1
26.560 12.900 41.260 47.078 142.616 1 0 1
26.500 12.940 39.372 44.834 136.766 1 0 1
26.540 12.980 46.326 52.359 108.623 1 0 1
26.690 13.020 51.066 56.753 144.908 1 0 1
26.530 13.080 46.226 51.661 115.897 1 0 0
26.770 13.120 40.540 45.838 145.982 1 0 0
26.950 13.180 35.884 40.859 115.788 1 0 0
26.050 13.230 34.796 39.703 115.732 1 0 0
25.740 13.270 31.360 35.598 103.985 1 0 0
25.730 13.320 30.963 35.714 103.196 1 0 0
25.620 13.360 31.966 36.586 99.921 1 0 0
25.680 13.400 34.320 39.354 78.407 1 0 0
25.900 13.450 35.284 40.577 116.942 1 0 0
25.400 13.490 32.600 37.581 136.567 1 0 0
25.370 13.520 33.870 38.388 117.872 1 0 0
25.170 13.560 29.464 33.687 67.408 1 0 0
25.540 13.600 31.412 36.461 116.494 1 0 0
25.110 13.630 28.779 33.549 99.117 1 0 0
25.020 13.660 30.553 34.915 93.427 1 0 0
25.090 13.690 29.833 34.528 93.017 1 0 0
25.140 13.720 30.237 35.144 109.312 1 0 0
25.120 13.770 31.289 35.922 114.882 1 0 0
25.110 13.780 32.460 37.740 131.450 1 0 0
25.740 13.830 32.850 37.872 87.865 1 0 0
25.850 13.880 31.232 35.833 131.447 1 0 0
24.850 13.920 27.237 31.633 98.297 1 0 0
24.690 13.940 27.747 32.815 127.237 1 0 0
24.810 13.970 30.930 36.005 133.219 1 0 0
24.960 14.000 31.150 36.168 134.968 1 0 0
24.740 14.030 27.575 32.512 136.324 1 0 0
24.600 14.060 27.234 32.347 121.026 1 0 0
24.460 14.080 25.347 29.915 132.862 1 0 0
24.400 14.100 24.764 29.337 109.264 1 0 0
24.610 14.130 26.737 31.229 107.605 1 0 0
24.610 14.160 30.660 35.884 134.633 1 0 0
24.320 14.170 25.816 30.694 153.473 1 0 0
24.420 14.200 24.218 28.693 91.459 1 0 0
24.400 14.230 22.993 27.812 105.162 1 0 0
24.250 14.250 23.419 28.137 113.095 1 0 0
24.270 14.280 20.920 25.870 110.268 1 0 0
24.240 14.290 25.174 29.798 99.674 1 0 0
24.190 14.310 23.336 27.893 101.303 1 0 0
24.100 14.350 22.690 27.633 90.010 1 0 0
23.790 14.380 24.932 29.097 106.179 1 0 0
24.010 14.400 23.369 27.665 97.235 1 0 0
24.180 14.430 24.278 28.499 97.956 1 0 0
24.060 14.460 24.157 28.942 69.556 1 0 0
23.960 14.490 24.565 29.196 78.294 1 0 0
24.010 14.520 24.976 29.709 93.542 1 0 0
24.020 14.550 27.149 32.086 92.590 1 0 0
24.250 14.580 29.239 33.985 92.766 1 0 0
23.980 14.620 27.641 32.173 92.275 1 0 0
23.940 14.650 31.088 35.557 103.226 1 0 0
23.990 14.690 28.247 33.115 93.543 1 0 0
23.940 14.720 28.476 33.141 107.187 1 0 0
23.910 14.760 30.685 35.395 127.693 1 0 0
24.080 14.810 26.890 31.051 98.742 0 0 0
23.670 14.850 28.862 33.644 116.123 1 0 0
23.770 14.870 28.496 32.713 72.081 1 0 0
23.590 14.900 29.868 34.224 94.739 1 0 0
23.610 14.920 24.526 28.640 111.512 1 0 0
23.910 14.940 29.431 33.610 108.833 1 0 0
23.630 14.960 32.494 36.697 140.939 1 0 0
23.880 14.970 30.687 34.893 98.351 1 0 0
24.070 15.000 31.483 36.324 177.325 1 0 0
24.140 15.020 36.191 41.401 137.491 1 0 0
24.260 15.040 30.905 35.467 126.517 1 0 0
23.720 15.060 25.325 30.005 94.222 1 0 0
23.740 15.070 20.518 25.390 109.633 1 0 0
23.680 15.060 22.285 26.380 99.357 1 0 0
23.670 15.070 22.168 26.435 94.711 1 0 0
23.750 15.080 23.044 27.213 101.914 1 0 0
23.710 15.100 20.928 25.882 73.651 1 0 0
23.940 15.120 23.973 28.633 92.814 1 0 0
23.960 15.140 25.107 29.479 84.860 1 0 0
23.810 15.150 24.390 28.711 99.665 1 0 0
23.820 15.170 25.781 30.051 84.136 1 0 0
23.870 15.180 24.274 28.675 140.331 1 0 0
23.860 15.200 23.651 27.425 100.613 1 0 0
24.180 15.220 25.634 29.779 128.997 1 0 0
24.280 15.230 25.907 30.031 104.731 1 0 0
24.150 15.260 23.939 27.866 93.249 1 0 0
24.320 15.290 25.299 29.494 120.220 1 0 0
24.090 15.310 25.335 29.099 102.434 1 0 0
23.740 15.330 23.680 27.163 92.518 1 0 0
24.200 15.340 24.183 27.596 108.447 1 0 0
25.380 15.360 25.354 29.343 101.352 1 0 0
26.010 15.400 28.195 32.061 110.104 1 0 0
26.180 15.430 27.869 31.850 110.369 1 0 0
26.130 15.440 28.128 31.711 124.342 1 0 0
26.600 15.460 32.986 37.025 100.621 1 0 0
26.230 15.470 32.264 36.525 78.542 1 0 0
25.820 15.510 25.669 28.698 97.985 1 0 0
25.400 15.560 26.033 29.187 79.053 1 0 0
25.310 15.610 23.945 26.990 55.475 1 0 0
25.210 15.670 20.953 24.384 78.635 1 0 0
25.090 15.710 23.670 27.294 90.323 1 0 0
24.990 15.770 24.253 27.113 103.615 1 0 0
24.910 15.830 23.415 26.982 93.121 1 0 0
24.810 15.890 22.955 26.759 100.354 1 0 0
24.770 15.920 23.803 27.301 85.353 1 0 0
24.680 15.970 22.586 26.189 97.221 1 0 0
24.550 16.000 21.537 24.754 82.646 1 0 0
24.510 16.040 23.536 28.324 143.649 1 0 0
24.450 16.090 23.077 26.193 71.252 1 0 0
24.490 16.130 25.292 42.202 483.290 1 0 0
24.290 16.170 27.961 39.263 423.675 1 0 0
24.190 16.220 20.716 22.453 47.917 1 0 0
24.120 16.280 22.924 25.549 63.603 1 0 0
24.090 16.320 21.056 23.231 49.868 1 0 0
24.070 16.370 19.631 22.221 38.060 1 0 0
24.050 16.400 21.731 24.032 64.745 1 0 0
24.200 16.440 22.352 24.191 50.163 1 0 0
23.870 16.480 20.012 22.548 69.206 1 0 0
23.700 16.510 19.879 21.991 55.483 1 0 0
23.660 16.550 20.056 22.307 64.702 1 0 0
23.650 16.580 20.233 22.526 49.686 1 0 0
23.650 16.610 17.881 20.495 48.084 1 0 0
23.550 16.640 19.523 21.774 56.525 1 0 0
23.430 16.680 18.718 20.957 44.139 1 0 0
23.420 16.720 19.333 21.543 41.849 1 0 0
23.370 16.750 19.666 21.886 38.884 1 0 0
23.260 16.780 19.664 21.927 65.450 1 0 0
23.270 16.810 19.220 21.586 56.557 1 0 0
23.240 16.840 18.731 21.059 56.157 1 0 0
23.300 16.880 19.476 21.688 50.391 1 0 0
23.050 16.920 20.208 22.379 49.061 1 0 0
23.010 16.960 21.157 23.852 77.895 1 0 0
23.030 17.010 18.560 20.872 46.764 1 0 0
23.170 17.040 19.831 22.135 37.992 1 0 0
22.730 17.080 19.121 21.329 52.955 1 0 0
22.960 17.110 19.951 22.213 45.229 1 0 0
22.960 17.150 20.247 22.775 42.012 1 0 0
22.850 17.180 21.551 23.492 56.686 1 0 0
23.210 17.200 24.241 26.870 77.438 1 0 0
23.790 17.220 25.646 28.419 87.063 1 0 0
24.370 17.260 25.268 27.804 69.268 1 0 0
23.660 17.290 26.196 28.759 83.730 1 0 0
24.840 17.320 30.556 33.196 68.088 1 0 0
24.690 17.360 31.161 33.925 80.534 1 0 0
24.510 17.390 30.104 32.898 104.447 1 0 0
24.410 17.430 29.402 32.541 52.368 1 0 0
24.230 17.460 31.365 34.315 77.488 1 0 0
23.970 17.500 32.831 35.773 86.321 1 0 0
23.840 17.520 31.576 34.189 58.257 1 0 0
23.730 17.550 33.525 36.126 83.370 1 0 0
23.760 17.590 29.962 32.548 69.210 1 0 0
23.700 17.620 30.870 33.120 75.433 1 0 0
23.540 17.660 30.771 33.406 58.374 1 0 0
23.250 17.690 35.085 37.479 54.975 1 0 0
23.090 17.720 30.158 32.235 66.131 1 0 0
23.040 17.740 30.851 33.404 59.403 1 0 0
22.800 17.770 32.410 34.474 50.856 1 0 0
22.910 17.800 33.195 35.906 56.087 1 0 0
23.070 17.820 30.827 33.570 60.840 1 0 0
22.970 17.850 31.995 34.946 77.462 1 0 0
22.780 17.870 32.273 34.949 66.883 1 0 0
22.690 17.890 32.032 34.497 102.787 1 0 0
22.360 17.910 30.248 32.414 69.024 1 0 0
22.410 17.940 27.956 29.808 53.720 1 0 0
22.520 17.960 29.840 32.026 47.498 1 0 0
22.560 17.980 29.874 32.048 49.967 1 0 0
22.870 17.990 29.357 31.629 56.444 1 0 0
23.220 18.010 32.928 35.110 61.451 1 0 0
23.930 18.030 37.041 39.596 66.684 1 0 0
24.550 18.050 39.479 42.497 61.325 1 0 0
24.550 18.070 39.869 42.432 103.283 1 0 0
25.170 18.080 42.313 45.189 90.302 1 0 0
25.140 18.100 41.904 44.792 91.708 1 0 0
25.130 18.120 41.463 44.321 96.176 1 0 0
25.070 18.130 40.917 43.375 83.998 1 0 0
25.170 18.150 41.692 44.337 66.044 1 0 0
25.300 18.170 40.914 43.545 79.486 1 0 0
25.520 18.190 40.021 42.467 77.446 1 0 0
25.150 18.230 40.406 42.832 75.776 1 0 0
25.100 18.250 40.121 42.561 63.893 1 0 0
25.340 18.270 40.726 43.493 67.780 1 0 0
25.110 18.310 38.916 41.536 86.635 1 0 0
24.950 18.330 40.106 42.713 77.349 1 0 0
25.070 18.370 39.639 42.165 82.053 1 0 0
24.690 18.390 43.214 45.608 101.718 1 0 0
24.670 18.410 41.990 44.821 114.404 1 0 0
24.720 18.440 42.497 44.465 75.060 1 0 0
24.330 18.460 40.894 43.615 85.732 1 0 0
24.180 18.480 42.914 45.377 113.575 1 0 0
24.250 18.510 39.227 41.625 60.500 1 0 0
24.330 18.540 39.259 41.688 78.996 1 0 0
24.490 18.560 40.016 42.339 75.323 1 0 0
24.400 18.590 39.883 41.892 80.709 1 0 0
23.910 18.610 39.180 41.749 75.255 1 0 0
23.720 18.640 37.223 39.695 72.548 1 0 0
23.790 18.660 36.863 39.497 82.066 1 0 0
23.380 18.680 37.102 39.181 52.540 1 0 0
23.320 18.700 38.128 40.075 65.652 1 0 0
23.280 18.720 41.460 43.820 61.882 1 0 0
23.370 18.740 38.436 40.306 97.137 1 0 0
23.330 18.770 38.132 40.438 73.164 1 0 0
23.140 18.790 38.579 40.799 71.631 1 0 0
23.040 18.800 43.211 45.258 69.249 1 0 0
23.060 18.810 38.766 41.065 70.260 1 0 0
22.920 18.840 37.619 39.566 72.697 1 0 0
22.780 18.850 37.385 39.571 61.259 1 0 0
22.870 18.880 37.401 39.567 62.501 1 0 0
22.920 18.890 36.835 39.025 70.628 1 0 0
22.740 18.900 39.441 41.426 72.579 1 0 0
22.630 18.920 37.941 40.551 86.863 1 0 0
22.430 18.930 34.485 36.682 63.152 1 0 0
22.480 18.940 36.408 38.380 59.085 1 0 0
22.550 18.960 36.232 38.264 57.209 1 0 0
22.760 18.990 38.497 40.386 90.781 1 0 0
22.860 19.010 40.758 43.039 112.484 1 0 0
22.400 19.030 38.117 40.548 84.358 1 0 0
22.580 19.050 37.642 40.374 81.364 1 0 0
22.300 19.070 37.239 39.732 63.059 1 0 0
22.430 19.080 36.791 39.103 67.962 1 0 0
22.170 19.120 37.454 39.744 67.335 1 0 0
21.740 19.140 35.989 38.500 80.478 1 0 0
21.530 19.150 33.223 35.664 104.635 1 0 0
21.610 19.160 34.348 36.609 77.575 1 0 0
21.820 19.180 34.891 36.896 80.168 1 0 0
21.740 19.190 36.679 38.872 74.873 1 0 0
21.520 19.190 35.965 37.998 77.201 1 0 0
21.630 19.210 32.875 34.992 68.847 1 0 0
21.790 19.230 34.504 36.687 75.073 1 0 0
21.720 19.260 34.280 36.570 66.538 1 0 0
21.460 19.270 36.957 39.377 71.372 1 0 0
21.310 19.290 37.665 40.144 84.464 1 0 0
21.510 19.310 37.374 39.393 110.265 1 0 0
21.680 19.330 39.064 41.277 77.169 1 0 0
21.440 19.340 35.880 38.257 64.684 1 0 0
21.350 19.360 39.273 41.219 77.612 1 0 0
21.530 19.360 38.714 40.884 81.141 1 0 0
21.700 19.380 37.204 39.876 77.154 1 0 0
21.480 19.380 37.007 39.793 104.392 1 0 0
21.340 19.390 39.380 41.837 78.105 1 0 0
21.160 19.390 39.666 42.033 84.417 1 0 0
20.970 19.400 41.161 43.224 100.283 1 0 0
20.760 19.410 36.705 39.319 98.448 1 0 0
20.640 19.430 33.959 36.028 67.916 1 0 0
20.360 19.440 32.834 34.935 57.104 1 0 0
20.080 19.440 35.950 38.662 79.680 1 0 0
19.610 19.450 34.691 36.977 94.600 1 0 0
19.400 19.450 31.051 33.251 55.100 1 0 0
19.080 19.460 27.168 29.225 57.645 1 0 0
18.840 19.470 27.212 29.632 51.347 1 0 0
18.610 19.480 28.074 30.328 57.968 1 0 0
18.440 19.480 26.718 28.730 68.737 1 0 0
18.430 19.490 27.580 30.010 89.741 1 0 0
18.430 19.500 29.035 31.122 57.336 1 0 0
18.590 19.500 28.206 30.597 53.049 1 0 0
18.410 19.510 31.195 33.443 77.711 1 0 0
18.910 19.520 27.865 30.412 60.528 1 0 0
19.390 19.550 28.970 31.836 117.186 1 0 0
18.820 19.560 28.959 31.647 79.741 1 0 0
19.060 19.560 29.927 32.767 84.030 1 0 0
20.080 19.580 33.232 35.693 87.628 1 0 0
19.470 19.590 37.476 40.067 92.447 1 0 0
19.260 19.590 33.213 35.774 88.929 1 0 0
19.180 19.590 32.956 35.509 51.321 1 0 0
18.800 19.610 30.506 33.125 56.108 1 0 0
18.600 19.620 27.919 30.489 77.865 1 0 0
18.420 19.630 28.923 31.630 101.998 1 0 0
18.100 19.640 28.935 31.737 91.294 1 0 0
18.300 19.650 31.005 33.645 92.631 1 0 0
18.670 19.660 29.360 31.794 78.525 1 0 0
18.900 19.680 29.535 32.282 87.204 1 0 0
18.400 19.680 26.983 29.743 68.359 1 0 0
18.380 19.690 30.965 33.939 76.962 1 0 0
18.050 19.700 26.637 29.091 73.881 1 0 0
18.060 19.710 27.805 30.378 60.790 1 0 0
18.440 19.720 25.163 27.847 71.427 1 0 0
18.050 19.740 26.550 28.889 94.089 1 0 0
18.220 19.740 24.715 27.234 102.797 1 0 0
17.950 19.760 25.719 28.171 60.631 1 0 0
17.680 19.760 26.324 28.638 66.032 1 0 0
18.130 19.770 27.407 29.709 101.635 1 0 0
18.470 19.780 23.366 26.024 87.564 1 0 0
18.130 19.800 28.037 30.390 82.193 1 0 0
17.840 19.810 28.627 31.570 78.725 1 0 0
17.310 19.820 23.512 25.721 44.936 1 0 0
17.230 19.820 24.783 26.979 53.058 1 0 0
18.120 19.820 23.589 25.944 50.878 1 0 0
18.000 19.820 24.092 26.778 57.380 1 0 0
18.100 19.830 23.554 25.874 63.327 1 0 0
17.740 19.830 22.124 24.726 58.328 1 0 0
17.480 19.850 24.118 26.650 65.126 1 0 0
17.490 19.850 25.830 28.033 63.480 1 0 0
17.510 19.860 24.093 26.561 60.403 1 0 0
17.260 19.880 24.087 26.111 35.238 1 0 0
16.950 19.890 23.637 25.987 57.643 1 0 0
17.550 19.890 25.081 27.679 73.836 1 0 0
17.500 19.890 27.335 29.830 71.467 1 0 0
17.900 19.890 28.262 30.993 70.644 1 0 0
17.580 19.900 23.781 26.251 49.809 1 0 0
17.610 19.900 25.361 27.813 70.951 1 0 0
17.450 19.900 23.970 25.970 71.367 1 0 0
17.570 19.910 25.431 27.578 63.116 1 0 0
17.940 19.920 27.721 30.301 68.566 1 0 0
17.520 19.930 26.011 28.521 56.414 1 0 0
17.380 19.930 26.400 28.633 71.618 1 0 0
17.400 19.920 24.889 27.195 98.063 1 0 0
17.320 19.930 24.745 27.199 65.917 1 0 0
17.440 19.910 26.774 29.138 72.377 1 0 0
17.530 19.900 22.570 24.939 56.361 1 0 0
17.560 19.900 21.151 23.737 76.423 1 0 0
17.120 19.890 21.135 23.531 56.082 1 0 0
17.030 19.900 19.097 21.064 50.368 1 0 0
16.740 19.910 20.923 23.035 54.368 1 0 0
16.610 19.930 19.729 21.924 77.593 1 0 0
16.570 19.920 21.592 24.025 47.106 1 0 0
16.370 19.920 18.423 20.851 36.336 1 0 0
16.470 19.910 15.639 18.567 57.966 1 0 0
15.920 19.910 15.848 19.827 142.081 1 0 0
16.120 19.910 15.555 17.646 57.036 1 0 0
15.800 19.910 15.748 17.769 52.619 1 0 0
15.910 19.910 14.430 16.785 47.915 1 0 0
16.550 19.920 16.217 18.675 107.779 1 0 0
16.090 19.930 19.588 22.107 57.513 1 0 0
15.960 19.920 16.688 18.967 65.020 1 0 0
16.160 19.920 17.180 19.841 82.192 1 0 0
16.270 19.930 16.273 19.309 96.246 1 0 0
16.390 19.950 14.831 17.732 73.935 1 0 0
15.860 19.980 15.895 18.720 68.692 1 0 0
15.820 19.980 17.109 19.648 51.836 1 0 0
15.750 19.970 15.850 18.497 51.030 1 0 0
15.630 19.960 15.893 18.743 42.598 1 0 0
15.560 19.960 16.096 18.555 81.979 1 0 0
16.370 19.980 16.203 18.719 81.041 1 0 0
15.540 19.990 16.951 19.753 65.710 1 0 0
15.250 19.980 18.534 21.581 58.215 1 0 0
15.240 19.970 17.593 20.260 75.583 1 0 0
15.360 19.970 15.602 17.769 67.269 1 0 0
15.660 19.950 16.258 19.046 72.083 1 0 0
15.870 19.940 16.064 19.143 58.539 1 0 0
15.700 19.940 15.775 18.580 81.618 1 0 0
15.820 19.920 18.146 21.562 129.229 1 0 0
15.710 19.910 15.905 18.735 100.339 1 0 0
15.730 19.920 18.537 21.236 75.928 1 0 0
15.340 19.930 17.972 21.058 88.946 1 0 0
15.130 19.930 14.453 17.466 90.691 1 0 0
15.050 19.930 15.767 18.169 75.401 1 0 0
15.140 19.930 13.490 16.054 44.615 1 0 0
15.750 19.910 14.361 17.020 68.776 1 0 0
16.200 19.920 16.245 19.741 89.658 1 0 0
16.460 19.930 18.262 22.262 130.030 1 0 0
15.510 19.940 16.339 19.494 74.723 1 0 0
15.070 19.920 16.376 19.555 79.439 1 0 0
14.940 19.900 15.533 18.761 63.313 1 0 0
14.860 19.890 16.020 19.043 57.766 1 0 0
14.870 19.880 13.802 17.340 71.636 1 0 0
14.680 19.870 12.443 15.442 109.891 1 0 0
14.710 19.840 13.526 17.266 91.755 1 0 0
15.140 19.850 13.582 17.344 132.600 1 0 0
15.270 19.850 14.775 18.731 125.516 1 0 0
15.160 19.840 14.051 18.153 126.178 1 0 0
15.100 19.840 15.434 19.461 114.188 1 0 0
14.820 19.830 14.864 18.428 117.096 1 0 0
14.640 19.830 12.757 16.697 68.626 1 0 0
14.770 19.830 13.118 16.946 98.622 1 0 0
14.700 19.820 15.717 19.397 100.593 1 0 0
14.970 19.820 12.677 17.057 86.128 1 0 0
14.770 19.820 13.986 18.243 138.322 1 0 0
15.040 19.810 15.281 20.197 162.226 1 0 0
15.020 19.810 15.242 19.966 136.927 1 0 0
15.220 19.810 13.770 18.923 157.447 1 1 3
14.750 19.810 12.879 17.973 142.653 1 1 3
14.700 19.800 14.842 20.906 236.398 1 1 3
14.430 19.790 19.825 28.194 374.543 1 1 3
14.300 19.780 20.025 24.106 78.085 1 1 3
14.520 19.770 25.658 28.981 83.000 1 1 3
13.770 19.770 9.275 12.288 40.547 1 1 3
13.340 19.770 9.535 12.232 48.989 1 1 3
13.210 19.760 8.425 10.988 59.044 1 1 3
13.290 19.750 8.916 11.996 62.980 1 1 3
13.190 19.740 10.085 13.081 81.651 1 1 3
13.260 19.720 17.401 20.422 117.494 1 1 3
13.130 19.710 8.291 11.324 57.173 1 1 3
12.730 19.700 8.677 11.424 63.658 1 1 3
13.220 19.690 10.725 13.282 35.097 1 1 3
14.070 19.680 10.957 14.784 78.639 1 1 3
13.780 19.660 11.963 15.814 91.838 1 1 3
14.110 19.640 11.783 15.707 108.084 1 1 3
14.270 19.620 13.970 17.719 92.097 1 1 3
14.630 19.600 13.504 17.931 91.586 1 1 3
14.860 19.610 13.330 17.532 58.927 1 1 3
14.830 19.600 13.060 17.240 90.830 1 1 3
15.360 19.610 15.795 20.332 104.726 1 1 3
15.260 19.600 17.972 22.888 177.232 1 1 3
15.170 19.580 12.240 16.783 72.750 1 1 3
14.640 19.580 13.733 17.876 135.407 1 1 3
14.190 19.550 12.360 16.844 113.008 1 1 3
13.980 19.530 11.977 15.578 73.587 1 1 3
13.910 19.510 13.336 17.395 66.750 1 1 3
13.800 19.500 14.797 18.818 95.755 1 1 3
13.660 19.490 12.939 16.536 119.361 1 1 3
13.640 19.470 11.485 15.220 118.247 1 1 3
13.500 19.450 11.933 15.726 95.700 1 1 3
13.540 19.430 10.653 14.609 115.396 1 1 3
13.660 19.410 10.533 13.847 90.926 1 1 3
13.580 19.390 8.999 12.453 67.039 1 1 3
13.210 19.370 11.938 15.078 67.860 1 1 3
13.080 19.350 9.899 13.271 60.088 1 1 3
12.820 19.320 11.494 14.929 93.367 1 1 3
12.940 19.290 11.257 13.959 83.748 1 1 3
13.720 19.270 11.097 14.917 98.111 1 1 3
13.780 19.230 10.969 15.246 109.487 1 1 3
13.980 19.200 13.783 18.159 113.063 1 1 3
14.270 19.170 13.913 18.437 104.227 1 1 3
14.710 19.150 15.990 20.583 100.724 1 1 3
14.300 19.140 14.957 19.080 113.989 1 1 3
14.360 19.130 13.063 17.290 97.944 1 1 3
14.070 19.100 13.242 17.659 110.446 1 1 3
13.750 19.080 13.373 17.606 108.686 1 1 3
13.670 19.080 12.517 16.349 75.179 1 1 3
13.640 19.060 12.360 16.039 73.253 1 1 3
13.570 19.060 12.773 17.130 87.536 1 1 3
14.040 19.050 11.615 15.875 111.510 1 1 3
13.700 19.040 14.075 18.491 149.827 1 1 3
13.660 19.020 11.857 16.046 72.255 1 1 3
13.990 19.010 11.035 15.513 82.497 1 1 3
13.740 18.990 14.588 18.919 120.518 1 1 3
13.890 18.980 13.858 18.394 98.393 1 1 3
13.730 18.970 12.126 16.154 75.744 1 1 3
13.670 18.960 12.551 16.727 109.453 1 1 3
14.550 18.950 11.454 15.847 86.944 1 1 3
14.140 18.960 14.063 18.985 121.842 1 1 3
14.220 18.930 12.961 17.339 101.158 1 1 3
14.060 18.910 12.504 16.349 128.742 1 1 3
14.030 18.870 13.713 18.171 167.034 1 1 3
14.280 18.850 11.814 16.585 108.897 1 1 3
13.960 18.810 12.793 17.297 87.641 1 1 3
14.180 18.780 11.315 15.238 91.371 1 1 3
14.090 18.760 11.913 16.155 122.897 1 1 3
14.160 18.750 13.631 17.750 113.112 1 1 3
14.340 18.740 12.270 16.662 83.381 1 1 3
14.210 18.730 12.527 16.571 123.597 1 1 3
14.290 18.720 12.709 17.071 101.556 1 1 3
14.660 18.690 12.073 16.585 155.916 1 1 3
14.680 18.670 11.835 16.198 108.353 1 1 3
14.650 18.650 12.099 16.239 150.037 1 1 3
15.270 18.630 12.312 16.388 105.856 1 1 3
14.600 18.600 14.071 18.098 144.239 1 1 3
14.590 18.570 12.915 17.194 92.524 1 1 3
14.810 18.540 11.441 15.684 116.150 1 1 3
14.870 18.510 12.231 17.001 73.689 1 1 3
14.870 18.510 13.504 17.543 89.777 1 1 3
14.600 18.480 11.363 16.055 96.853 1 1 3
14.950 18.480 12.697 17.350 140.553 1 1 3
15.200 18.470 16.227 20.483 108.981 1 1 3
15.540 18.450 19.788 24.631 133.730 1 1 3
15.350 18.410 18.394 22.368 126.300 1 1 3
15.370 18.380 18.629 22.959 111.414 1 1 3
15.040 18.340 19.068 23.933 103.783 1 1 3
14.900 18.320 20.153 24.959 104.028 1 1 3
15.520 18.290 18.006 22.484 99.928 1 1 3
15.380 18.280 19.495 24.155 116.364 1 1 3
15.510 18.250 14.975 19.508 157.123 1 1 3
15.240 18.210 14.954 19.418 127.348 1 1 3
15.250 18.160 13.589 17.931 119.603 1 1 3
15.390 18.120 13.276 17.657 104.675 1 1 3
15.730 18.090 14.575 18.699 139.580 1 1 3
15.690 18.040 15.850 20.365 121.587 1 1 3
15.580 18.000 16.372 20.409 100.183 1 1 3
15.630 17.980 19.611 23.411 111.680 1 1 3
15.230 17.940 19.860 24.002 104.500 1 1 3
15.260 17.930 20.840 25.236 142.486 1 1 3
15.480 17.900 21.937 26.073 106.985 1 1 3
15.790 17.880 21.196 25.036 129.778 1 1 3
15.850 17.860 21.179 25.131 122.638 1 1 3
15.810 17.830 20.717 24.405 128.762 1 1 3
16.190 17.790 19.629 23.367 135.047 1 1 3
16.620 17.760 19.928 23.812 107.747 1 1 3
16.300 17.740 19.057 22.926 71.488 1 1 3
16.020 17.710 18.283 22.388 136.565 1 1 3
15.970 17.680 16.490 20.221 109.721 1 1 3
15.690 17.640 17.583 21.886 194.775 1 1 3
15.840 17.620 14.132 18.012 128.443 1 1 3
15.810 17.600 14.752 18.020 67.832 1 1 3
15.710 17.580 15.039 18.983 101.941 1 1 3
15.980 17.550 16.416 20.001 93.575 1 1 3
15.960 17.540 15.198 19.092 123.381 1 1 3
16.240 17.520 15.527 19.143 105.691 1 1 3
15.900 17.500 17.125 20.331 107.141 1 1 3
16.090 17.490 15.012 19.243 156.497 1 1 3
16.090 17.470 11.641 15.209 68.843 1 1 3
16.630 17.470 11.295 15.107 169.430 1 1 3
16.540 17.460 9.793 13.659 96.113 1 1 3
16.330 17.450 10.006 13.928 123.332 1 1 3
15.700 17.450 8.242 11.735 147.109 1 1 3
15.950 17.420 10.050 13.725 91.259 1 1 3
16.250 17.410 10.687 14.791 167.098 1 1 3
15.840 17.400 10.233 13.851 97.012 1 1 3
15.800 17.390 8.546 12.520 137.746 1 1 3
15.930 17.380 8.993 12.786 123.647 1 1 3
16.180 17.380 8.512 12.543 113.887 1 1 3
16.150 17.370 8.831 12.903 104.991 1 1 3
16.120 17.340 7.891 12.710 91.994 1 1 3
16.200 17.340 7.965 11.771 104.213 1 1 3
15.730 17.320 8.906 12.714 102.210 1 1 3
15.660 17.310 8.925 13.251 112.094 1 1 3
16.180 17.290 9.356 13.005 110.584 1 1 3
17.120 17.260 9.045 12.720 93.633 1 1 3
16.850 17.230 8.323 12.615 130.003 1 1 3
17.270 17.210 9.254 13.448 105.198 1 1 3
17.030 17.180 8.753 13.031 94.029 1 1 3
16.990 17.160 8.655 12.793 119.272 1 1 3
17.320 17.120 8.541 12.861 155.277 1 1 3
17.180 17.100 9.675 14.078 115.835 1 1 3
16.850 17.080 9.221 13.680 69.934 1 1 3
16.800 17.060 7.463 11.651 106.841 1 1 3
17.160 17.040 8.698 13.214 114.416 1 1 3
17.170 17.030 8.385 12.236 157.409 1 1 3
17.150 17.020 8.453 11.933 172.352 1 1 3
17.010 16.990 10.125 14.769 180.490 1 1 3
17.380 16.970 9.597 13.250 164.190 1 1 3
17.330 16.940 8.902 13.374 91.828 1 1 3
17.520 16.910 9.011 13.131 133.895 1 1 3
17.440 16.890 9.659 13.776 157.499 1 1 3
17.730 16.860 9.094 13.533 162.055 1 1 3
17.580 16.840 9.324 14.359 182.532 1 1 3
17.260 16.820 11.369 15.985 194.732 1 1 3
17.430 16.790 9.484 13.662 138.683 1 1 3
17.330 16.760 8.909 13.315 128.922 1 1 3
17.200 16.750 10.525 15.766 167.493 1 1 3
17.550 16.730 7.621 12.229 116.795 1 1 3
17.750 16.710 10.043 15.582 138.530 1 1 3
17.540 16.680 9.526 14.685 145.226 1 1 3
17.700 16.650 10.138 15.150 153.762 1 1 3
17.470 16.620 11.211 16.228 163.425 1 1 3
17.350 16.580 10.854 15.787 175.425 1 1 3
17.280 16.570 8.009 13.619 164.515 1 1 3
17.560 16.550 9.832 14.766 152.081 1 1 3
17.520 16.530 11.130 16.458 169.024 1 1 3
17.510 16.520 9.031 15.316 171.271 1 1 3
17.550 16.500 7.293 12.405 233.930 1 1 3
17.530 16.480 7.793 12.823 153.878 1 1 3
17.450 16.470 8.829 14.839 162.915 1 1 3
17.950 16.460 9.656 14.983 163.802 1 1 3
18.180 16.430 9.803 16.078 223.492 1 1 3
18.180 16.400 10.454 16.656 222.200 1 1 3
18.030 16.370 10.450 15.900 173.428 1 1 3
18.130 16.340 10.691 16.641 213.592 1 1 3
17.980 16.310 11.725 17.574 171.191 1 1 3
17.970 16.280 10.370 16.896 172.089 1 1 3
18.070 16.260 9.808 16.661 198.245 1 1 3
17.970 16.240 11.255 17.546 172.551 1 1 3
18.020 16.220 9.640 16.320 176.203 1 1 3
18.060 16.200 11.272 18.378 230.566 1 1 3
18.220 16.190 11.375 18.292 219.600 1 1 3
18.230 16.160 10.441 17.333 310.291 1 1 3
18.490 16.140 12.026 19.130 218.572 1 1 3
18.130 16.120 13.342 20.452 249.145 1 1 3
18.080 16.080 12.063 18.416 282.674 1 1 3
18.290 16.040 12.628 20.309 282.638 1 1 3
18.560 16.020 12.903 20.900 260.403 1 1 3
18.450 16.000 12.078 20.710 280.632 1 1 3
18.550 15.980 13.380 21.862 342.616 1 1 3
18.910 15.950 12.858 22.533 277.381 1 1 3
18.780 15.920 14.817 24.530 295.763 1 1 3
18.770 15.910 11.992 21.380 349.888 1 1 3
19.050 15.890 11.167 20.325 273.010 1 1 3
18.750 15.870 12.997 22.095 293.116 1 1 3
18.850 15.850 12.277 21.214 308.489 1 1 3
18.950 15.830 10.888 20.165 339.985 1 1 3
18.840 15.810 10.590 20.330 305.775 1 1 3
18.740 15.810 10.387 19.602 337.034 1 1 3
18.970 15.780 9.862 19.203 396.046 1 1 3
19.100 15.760 10.347 20.341 427.307 1 1 3
19.110 15.750 8.820 18.407 293.283 1 1 3
19.060 15.730 9.508 18.682 338.887 1 1 3
18.980 15.720 8.069 16.924 294.385 1 1 3
19.120 15.690 10.929 20.313 279.296 1 1 3
18.920 15.680 9.632 18.316 332.681 1 1 3
18.930 15.670 10.889 19.984 323.864 1 1 3
19.110 15.650 11.543 19.899 348.241 1 1 3
19.190 15.640 10.535 20.060 403.088 1 1 3
18.880 15.630 11.859 20.683 316.233 1 1 3
18.770 15.630 11.719 20.853 390.369 1 1 3
18.630 15.630 9.542 18.081 336.476 1 1 3
19.220 15.630 9.688 18.187 266.462 1 1 3
19.210 15.630 8.462 17.147 293.360 1 1 3
19.120 15.620 9.456 18.381 310.484 1 1 3
18.740 15.620 10.871 19.337 295.586 1 1 3
18.250 15.620 6.961 15.208 341.436 1 1 3
18.560 15.630 10.459 18.378 252.337 1 1 3
18.680 15.630 8.795 17.310 248.735 1 1 3
18.500 15.650 8.887 17.039 247.528 1 1 3
18.640 15.660 7.003 15.324 264.833 1 1 3
18.450 15.670 6.902 15.142 248.431 1 1 3
18.270 15.680 8.028 16.579 303.028 1 1 3
18.090 15.700 9.218 18.439 321.395 1 1 3
18.380 15.720 7.550 16.339 289.036 1 1 3
18.460 15.740 9.561 17.667 283.901 1 1 3
18.450 15.750 9.781 17.556 283.530 1 1 3
18.180 15.780 10.133 18.735 286.501 1 1 3
18.150 15.800 7.994 15.502 219.546 1 1 3
17.940 15.840 7.472 15.867 261.433 1 1 3
17.810 15.870 8.787 17.313 283.630 1 1 3
17.850 15.900 9.045 17.169 376.017 1 1 3
18.460 15.950 9.645 17.990 252.684 1 1 3
17.910 16.000 8.018 16.465 314.033 1 1 3
17.900 16.050 8.024 16.738 276.340 1 1 3
17.970 16.100 9.316 17.925 288.331 1 1 3
18.060 16.160 9.798 18.054 356.449 1 1 3
17.940 16.220 7.608 15.754 302.943 1 1 3
17.650 16.290 8.937 16.742 252.904 1 1 3
17.560 16.340 8.670 16.883 227.414 1 1 3
17.710 16.410 8.156 15.585 271.212 1 1 3
17.560 16.470 6.283 14.629 264.315 1 1 3
17.530 16.520 8.029 15.938 273.940 1 1 3
17.270 16.570 4.787 11.881 272.340 1 1 3
17.450 16.590 6.522 14.399 351.839 1 1 3
17.460 16.600 8.767 17.325 295.933 1 1 3
17.530 16.620 8.987 15.852 285.961 1 1 3
17.480 16.620 9.294 17.009 198.296 1 1 3
17.540 16.610 8.159 15.809 284.168 1 1 3
17.800 16.550 7.857 15.803 198.090 1 1 3
17.540 16.510 7.681 15.627 224.209 1 1 3
17.350 16.460 7.366 14.680 194.569 1 1 3
17.450 16.390 6.661 14.003 300.976 1 1 3
17.620 16.330 7.800 15.671 259.131 1 1 3
17.920 16.250 7.627 14.536 310.692 1 1 3
17.660 16.190 7.935 15.489 311.955 1 1 3
17.820 16.110 6.836 14.277 315.761 1 1 3
18.050 16.040 8.198 14.954 229.570 1 1 3
17.820 15.970 6.818 14.414 213.361 1 1 3
17.950 15.890 7.848 14.504 240.156 1 1 3
18.220 15.820 7.107 14.388 242.891 1 1 3
18.080 15.740 7.255 14.124 208.432 1 1 3
18.010 15.650 6.819 13.656 218.434 1 1 3
18.140 15.550 6.174 14.043 258.739 1 1 3
18.250 15.460 7.647 14.628 188.442 1 1 3
18.260 15.360 4.341 12.231 260.471 1 1 3
18.580 15.250 5.110 12.329 341.678 1 1 3
19.030 15.130 7.396 14.506 246.156 1 1 3
19.050 15.010 8.312 15.615 221.536 1 1 3
19.120 14.880 8.001 15.664 234.419 1 1 3
19.590 14.750 8.219 15.931 229.680 1 1 3
19.720 14.640 7.480 15.464 260.941 1 1 3
19.390 14.530 8.064 15.347 217.082 1 1 3
19.640 14.420 7.462 15.325 266.642 1 1 3
19.620 14.310 7.506 16.287 316.050 1 1 3
19.680 14.200 8.668 17.239 355.245 1 1 3
20.050 14.100 6.284 14.454 228.098 1 1 3
20.120 14.000 7.792 15.372 235.390 1 1 3
20.150 13.880 7.752 15.795 257.724 1 1 3
20.100 13.780 7.529 16.569 339.755 1 1 3
20.180 13.690 8.440 17.517 360.682 1 1 3
20.320 13.570 6.386 14.958 357.675 1 1 3
20.550 13.470 5.346 14.241 270.134 1 1 3
20.590 13.350 7.213 15.989 240.241 1 1 3
20.690 13.240 6.870 14.901 269.135 1 1 3
21.060 13.120 8.044 17.252 381.712 1 1 3
21.290 13.000 7.790 17.902 282.235 1 1 3
21.030 12.890 6.166 15.088 243.712 1 1 3
21.100 12.770 6.631 16.396 250.609 1 1 3
21.210 12.660 4.207 13.359 277.950 1 1 3
21.420 12.540 6.067 15.162 322.373 1 1 3
21.620 12.410 7.967 17.195 294.724 1 1 3
21.720 12.290 5.249 14.255 368.824 1 1 3
21.870 12.160 6.900 16.387 370.269 1 1 3
22.170 12.030 6.484 16.444 462.631 1 1 3
22.500 11.890 6.289 15.999 300.503 1 1 3
22.830 11.750 6.275 15.802 366.425 1 1 3
22.880 11.610 8.798 19.032 368.597 1 1 3
22.960 11.470 6.314 15.510 314.352 1 1 3
23.190 11.350 6.941 17.249 296.501 1 1 3
23.500 11.230 8.329 18.953 303.283 1 1 3
23.500 11.110 7.201 17.984 337.474 1 1 3
23.530 11.000 6.695 17.723 378.458 1 1 3
23.440 10.910 7.442 18.197 360.669 1 1 3
23.480 10.800 4.937 14.529 431.030 1 1 3
23.550 10.700 7.805 18.153 387.297 1 1 3
23.930 10.610 6.630 17.897 742.816 1 1 3
23.980 10.520 7.843 18.035 361.499 1 1 3
24.130 10.440 6.396 17.431 410.365 1 1 3
24.240 10.350 7.846 19.409 333.549 1 1 3
24.300 10.270 7.503 18.745 343.019 1 1 3
24.390 10.200 7.360 18.380 336.329 1 1 3
24.400 10.120 6.396 17.914 373.994 1 1 3
24.520 10.050 7.658 19.263 362.654 1 1 3
24.530 9.980 7.381 19.221 334.405 1 1 3
24.530 9.900 5.683 15.796 280.131 1 1 3
24.690 9.830 5.800 16.224 320.680 1 1 3
24.930 9.750 7.640 18.573 532.570 1 1 3
24.850 9.700 7.765 18.259 324.616 1 1 3
25.080 9.610 7.024 18.169 544.457 1 1 3
25.310 9.550 8.490 19.214 351.353 1 1 3
25.530 9.490 8.580 19.843 380.971 1 1 3
25.730 9.430 8.011 19.959 378.614 1 1 3
25.560 9.360 10.352 20.621 391.099 1 1 3
25.920 9.280 6.361 18.059 347.724 1 1 3
26.220 9.220 7.867 19.073 370.234 1 1 3
26.260 9.170 8.559 19.852 402.647 1 1 3
26.090 9.110 8.758 20.008 320.709 1 1 3
26.570 9.050 7.562 17.115 317.298 1 1 3
26.690 8.990 8.739 19.565 387.461 1 1 3
26.760 8.930 8.200 18.683 312.455 1 1 3
26.620 8.860 6.967 18.359 352.606 1 1 3
26.730 8.790 6.486 16.845 310.526 1 1 3
27.040 8.710 7.403 18.337 385.605 1 1 3
26.950 8.630 8.069 18.045 372.385 1 1 3
27.140 8.580 8.215 18.359 389.521 1 1 3
27.700 8.510 6.609 16.313 320.677 1 1 3
27.730 8.440 6.911 16.704 272.799 1 1 3
27.890 8.390 6.676 16.063 250.543 1 1 3
27.820 8.330 8.302 18.223 329.729 1 1 3
27.930 8.270 7.874 17.183 302.309 1 1 3
28.240 8.220 7.582 17.327 287.355 1 1 3
28.120 8.160 7.740 16.767 348.742 1 1 3
28.330 8.110 7.517 16.887 390.610 1 1 3
28.370 8.060 8.200 17.578 252.767 1 1 3
28.810 8.010 8.000 18.082 275.500 1 1 3
28.880 7.970 7.236 15.699 285.340 1 1 3
28.350 7.930 8.232 17.492 293.421 1 1 3
28.590 7.880 7.064 15.616 279.411 1 1 3
28.280 7.840 9.335 18.669 237.664 1 1 3
28.510 7.800 8.404 17.068 285.270 1 1 3
28.670 7.770 8.256 17.423 258.195 1 1 3
28.390 7.720 8.391 18.356 304.377 1 1 3
28.410 7.680 8.674 16.792 276.366 1 1 3
28.730 7.630 7.125 16.741 282.389 1 1 3
28.940 7.610 7.240 16.228 260.384 1 1 3
28.920 7.570 7.364 16.319 260.686 1 1 3
29.390 7.540 7.856 16.974 278.713 1 1 2
29.050 7.500 6.615 15.341 221.338 1 1 2
29.610 7.470 8.271 16.113 238.496 1 1 2
29.560 7.440 7.963 17.067 209.869 1 1 2
29.550 7.420 7.733 15.344 262.233 1 1 2
29.520 7.380 6.548 14.873 245.954 1 1 2
29.540 7.350 7.510 15.070 282.719 1 1 2
29.490 7.320 8.050 15.528 226.841 1 1 2
30.040 7.310 6.458 14.523 220.378 1 1 2
30.190 7.280 8.102 17.070 243.884 1 1 2
30.190 7.270 7.232 15.047 267.615 1 1 2
30.190 7.250 8.707 16.350 271.092 1 1 2
30.230 7.230 7.299 16.477 231.022 1 1 2
30.360 7.200 7.304 14.585 231.798 1 1 2
30.330 7.190 7.797 15.603 210.193 1 1 2
30.330 7.160 7.087 13.975 259.036 1 1 2
30.140 7.130 7.052 15.297 277.915 1 1 2
30.670 7.100 6.644 14.821 213.557 1 1 2
30.840 7.080 6.854 14.461 261.734 1 1 2
30.470 7.060 6.450 14.468 239.349 1 1 2
31.200 7.040 6.701 14.661 303.709 1 1 2
31.200 7.020 7.959 16.557 235.982 1 1 2
31.110 7.000 7.221 15.370 238.711 1 1 2
31.300 6.990 8.204 17.022 302.501 1 1 2
31.250 6.970 7.035 14.944 243.790 1 1 2
31.330 6.960 6.509 14.483 330.890 1 1 2
31.220 6.930 7.682 15.333 256.385 1 1 2
31.610 6.900 7.196 15.202 210.139 1 1 2
31.650 6.910 7.767 15.815 204.918 1 1 2
31.510 6.900 8.487 16.883 276.929 1 1 2
31.380 6.880 6.963 15.962 264.092 1 1 2
31.380 6.860 6.459 14.015 250.464 1 1 2
31.500 6.850 6.334 14.935 251.865 1 1 2
31.590 6.840 7.826 15.705 246.322 1 1 2
31.580 6.840 7.482 15.970 210.480 1 1 2
31.480 6.830 8.632 16.454 214.173 1 1 2
31.670 6.820 6.848 14.914 199.099 1 1 2
31.830 6.810 7.244 14.896 256.390 1 1 2
31.540 6.820 7.403 15.274 313.061 1 1 2
31.700 6.810 5.656 14.756 279.807 1 1 2
31.960 6.810 8.005 16.172 221.236 1 1 2
31.950 6.810 7.250 15.538 174.024 1 1 2
31.750 6.810 8.039 16.247 326.454 1 1 2
31.770 6.800 7.607 16.193 343.255 1 1 2
31.850 6.800 7.211 15.876 233.312 1 1 2
31.850 6.810 6.507 14.453 218.285 1 1 2
31.700 6.810 7.237 14.671 292.822 1 1 2
31.600 6.800 6.309 14.254 315.357 1 1 2
31.930 6.810 6.852 15.325 218.896 1 1 2
31.730 6.820 6.840 15.087 200.244 1 1 2
31.590 6.840 7.042 15.062 294.856 1 1 2
31.600 6.840 6.966 14.806 276.496 1 1 2
31.500 6.850 5.858 14.187 234.898 1 1 2
31.280 6.860 7.521 15.508 319.093 1 1 2
31.750 6.870 7.365 15.795 374.918 1 1 2
31.680 6.880 7.797 16.658 339.181 1 1 2
31.840 6.900 5.908 14.071 233.699 1 1 2
31.520 6.910 7.083 15.030 262.258 1 1 2
31.480 6.930 7.439 15.266 207.446 1 1 2
31.250 6.940 5.998 14.192 321.993 1 1 2
31.470 6.950 6.705 15.059 229.147 1 1 2
31.560 6.980 7.141 16.053 302.982 0 1 2
31.040 6.980 6.871 15.270 322.283 1 1 2
31.060 7.000 7.079 14.599 268.734 1 1 2
31.320 7.020 7.084 15.004 230.372 1 1 2
31.380 7.050 5.511 13.601 261.490 1 1 2
31.380 7.080 7.630 16.401 237.859 1 1 2
30.850 7.100 7.945 15.844 210.566 1 1 2
31.120 7.100 7.464 16.768 278.639 1 1 2
31.030 7.120 5.649 14.255 211.981 1 1 2
30.760 7.140 7.028 15.713 239.496 1 1 2
30.670 7.160 7.062 15.752 232.025 1 1 2
31.000 7.180 6.408 15.169 256.297 1 1 2
31.130 7.200 5.910 14.165 257.217 1 1 2
31.180 7.230 6.743 14.999 222.244 1 1 2
30.950 7.250 5.913 14.631 241.231 1 1 2
31.100 7.280 5.448 14.398 261.564 1 1 2
30.570 7.310 5.954 14.480 253.042 1 1 2
30.290 7.320 5.343 14.963 260.121 1 1 2
30.220 7.350 6.560 15.997 215.947 1 1 2
30.250 7.370 7.007 15.118 238.198 1 1 2
30.200 7.380 5.662 14.934 318.519 1 1 2
29.960 7.390 5.863 14.262 291.283 1 1 2
30.100 7.410 5.598 15.238 269.556 1 1 2
30.040 7.440 6.582 15.623 241.314 1 1 2
29.790 7.450 6.356 15.799 330.213 1 1 2
29.700 7.470 5.718 15.083 349.090 1 1 2
29.880 7.480 4.999 13.733 282.174 1 1 2
29.730 7.490 5.294 14.725 248.805 1 1 2
29.740 7.510 6.675 14.603 261.426 1 1 2
29.540 7.530 5.301 13.953 311.655 1 1 2
29.480 7.550 6.931 15.202 272.200 0 1 2
29.690 7.560 6.532 16.387 302.134 1 1 2
29.760 7.580 6.471 15.386 292.246 1 1 2
29.670 7.610 6.370 15.748 322.192 1 1 2
29.620 7.640 6.303 14.276 217.042 1 1 2
29.440 7.650 4.981 13.510 199.959 1 1 2
29.440 7.680 6.209 15.039 290.432 1 1 2
29.220 7.690 7.047 15.870 322.030 1 1 2
29.160 7.710 7.070 15.137 286.118 1 1 2
29.340 7.720 7.003 16.139 336.609 1 1 2
28.980 7.720 5.814 14.683 299.107 1 1 2
28.800 7.740 6.980 15.237 281.613 1 1 2
28.760 7.740 5.547 14.863 323.728 1 1 2
28.830 7.760 6.111 14.007 260.300 1 1 2
28.660 7.770 6.117 14.787 259.292 1 1 2
28.750 7.790 6.671 15.469 242.154 1 1 2
28.680 7.800 5.770 15.406 265.418 1 1 2
28.530 7.810 5.283 14.684 313.841 1 1 2
28.650 7.820 5.538 14.416 312.916 1 1 2
28.510 7.830 5.512 14.331 292.589 1 1 2
28.420 7.840 5.720 14.521 262.417 0 1 2
1 1 1 1 1 0 0 0