0.750343 0.75 0.75 0.75 0.75 0.066
0.750243 0.75 0.75 0.75 0.75 0.067
0.750243 0.750416 0.75 0.75 0.75 0.068
0.750134 0.750416 0.75 0.75 0.75 0.07
0.750134 0.750416 0.750529 0.75 0.75 0.08
0.750134 0.750322 0.750529 0.75 0.75 0.081
0.750134 0.750483 0.750529 0.75 0.75 0.082
0.749987 0.750583 0.750529 0.75 0.75 0.083
0.749793 0.750583 0.750529 0.75 0.75 0.084
0.749793 0.750583 0.750672 0.750483 0.75 0.089
0.749793 0.750582 0.750672 0.750483 0.75 0.09
0.749573 0.750407 0.750652 0.750529 0.75 0.092
0.749299 0.750407 0.750652 0.750529 0.75 0.093
0.749299 0.750144 0.750652 0.750529 0.75 0.095
0.749299 0.750144 0.750652 0.750529 0.750306 0.096
0.749299 0.750144 0.750652 0.750483 0.750306 0.097
0.748668 0.750144 0.750652 0.750483 0.750306 0.098
0.748668 0.750144 0.750652 0.750497 0.750306 0.099
0.748668 0.750144 0.750669 0.750497 0.750652 0.1
0.748668 0.750144 0.750669 0.750606 0.750696 0.101
0.747888 0.750266 0.750669 0.750672 0.750696 0.102
0.747888 0.750266 0.750421 0.750696 0.750696 0.103
0.747441 0.750352 0.750315 0.750696 0.750696 0.104
0.747441 0.749921 0.750274 0.750696 0.750669 0.105
0.747441 0.749656 0.75015 0.750669 0.750669 0.106
0.746975 0.749656 0.75015 0.750274 0.750669 0.108
0.746469 0.749656 0.749945 0.750274 0.75015 0.109
0.746469 0.749285 0.749945 0.750315 0.750274 0.11
0.746469 0.749285 0.749945 0.750021 0.750171 0.111
0.746469 0.748831 0.749683 0.750021 0.750171 0.112
0.74415 0.748831 0.749659 0.749981 0.750171 0.113
0.74415 0.74895 0.749378 0.749659 0.750171 0.114
0.74415 0.749016 0.749016 0.749659 0.750171 0.115
0.74415 0.748246 0.749016 0.749367 0.749981 0.116
0.743498 0.747734 0.749016 0.749049 0.749981 0.117
0.742822 0.747734 0.749049 0.749049 0.749843 0.118
0.742822 0.747809 0.748651 0.749049 0.749764 0.12
0.741379 0.747264 0.748651 0.749049 0.749606 0.122
0.739022 0.747264 0.748651 0.749049 0.749606 0.123
0.739022 0.747264 0.748651 0.748651 0.749606 0.124
0.739022 0.747264 0.748173 0.748651 0.749367 0.126
0.737335 0.747264 0.748173 0.748651 0.749307 0.127
0.737335 0.747264 0.748173 0.748276 0.749307 0.128
0.737335 0.747264 0.747809 0.748266 0.748611 0.129
0.735556 0.746838 0.747371 0.748266 0.748611 0.13
0.735556 0.746838 0.747357 0.748266 0.748611 0.131
0.73368 0.745663 0.746869 0.747843 0.748266 0.132
0.73368 0.745072 0.746869 0.747843 0.748266 0.133
0.732709 0.745072 0.746869 0.747843 0.747843 0.134
0.731721 0.745072 0.746869 0.747343 0.747843 0.135
0.730714 0.744324 0.746869 0.747343 0.747843 0.136
0.730714 0.744324 0.746304 0.747343 0.747843 0.137
0.730714 0.744324 0.745663 0.746765 0.747371 0.138
0.728631 0.743205 0.745663 0.746838 0.746838 0.14
0.728631 0.743205 0.744531 0.746838 0.746838 0.141
0.723105 0.743205 0.744531 0.746838 0.746869 0.143
0.723105 0.743238 0.744531 0.746869 0.746869 0.144
0.720769 0.743238 0.744531 0.746869 0.746869 0.145
0.718368 0.743238 0.744566 0.746869 0.746869 0.146
0.717143 0.742485 0.74388 0.746869 0.746859 0.148
0.717143 0.742402 0.74388 0.746859 0.746859 0.149
0.717143 0.741763 0.743919 0.746859 0.746859 0.151
0.710787 0.741763 0.743919 0.746859 0.746859 0.152
0.709473 0.741763 0.743919 0.746339 0.74681 0.153
0.709473 0.740914 0.743919 0.746339 0.746712 0.154
0.709473 0.740914 0.743919 0.746332 0.746712 0.155
0.706801 0.740914 0.743183 0.746277 0.746277 0.156
0.706801 0.740914 0.743097 0.746277 0.746277 0.157
0.706801 0.740914 0.742973 0.746277 0.746277 0.158
0.706801 0.740914 0.742273 0.745716 0.746277 0.159
0.706801 0.740013 0.741675 0.745716 0.745716 0.16
0.706801 0.739849 0.741675 0.745716 0.745716 0.161
0.706801 0.738389 0.74154 0.745716 0.745716 0.162
0.706801 0.737663 0.74154 0.745716 0.745716 0.163
0.704071 0.737537 0.74154 0.745716 0.745716 0.164
0.702694 0.737537 0.74154 0.745716 0.745716 0.165
0.7013 0.736786 0.74154 0.745716 0.745716 0.166
0.7013 0.736786 0.740914 0.745716 0.745716 0.168
0.699887 0.736786 0.740914 0.744282 0.745032 0.169
0.697034 0.736786 0.740914 0.744282 0.745032 0.17
0.697034 0.736786 0.740141 0.744115 0.745032 0.171
0.697034 0.735771 0.740013 0.74364 0.745032 0.173
0.694139 0.734973 0.740013 0.74364 0.745032 0.174
0.694139 0.733752 0.740013 0.74364 0.745032 0.175
0.692674 0.7326 0.740013 0.74364 0.745032 0.177
0.689704 0.7326 0.737375 0.742803 0.744898 0.179
0.688208 0.7326 0.737375 0.74106 0.742738 0.18
0.688208 0.731622 0.737375 0.74106 0.742738 0.181
0.688208 0.729375 0.736936 0.74106 0.742738 0.183
0.686694 0.728565 0.736936 0.74106 0.742738 0.185
0.686694 0.725522 0.736936 0.74106 0.742738 0.186
0.686694 0.725522 0.736936 0.739987 0.742738 0.187
0.686694 0.725522 0.736936 0.739243 0.741404 0.189
0.68365 0.724224 0.736936 0.738819 0.741404 0.19
0.68365 0.723279 0.73667 0.738819 0.74106 0.191
0.680561 0.723279 0.735416 0.737177 0.74106 0.192
0.680561 0.723279 0.735416 0.737177 0.739588 0.193
0.678998 0.723279 0.734698 0.737177 0.739588 0.194
0.678998 0.723091 0.733917 0.737177 0.739588 0.195
0.678998 0.723091 0.733917 0.736936 0.739243 0.196
0.678998 0.722126 0.733917 0.736936 0.739243 0.197
0.677431 0.722126 0.733074 0.736073 0.739243 0.198
0.677431 0.722126 0.732949 0.736073 0.738819 0.199
0.675847 0.72096 0.730626 0.736073 0.738819 0.2
0.675847 0.72096 0.728755 0.736073 0.738819 0.201
0.675847 0.72078 0.727018 0.735416 0.738819 0.202
0.675847 0.718579 0.727018 0.735416 0.738334 0.203
0.667827 0.71471 0.726204 0.735416 0.737786 0.205
0.667827 0.714491 0.726204 0.734698 0.737177 0.206
0.662911 0.712344 0.726204 0.734698 0.736936 0.207
0.662911 0.712344 0.726204 0.733917 0.736302 0.208
0.662911 0.712344 0.726204 0.733752 0.735607 0.209
0.661258 0.712344 0.725335 0.733752 0.735607 0.21
0.659602 0.712344 0.725335 0.733752 0.735607 0.211
0.656254 0.712344 0.725114 0.731973 0.73485 0.213
0.656254 0.71119 0.724224 0.731973 0.733917 0.214
0.656254 0.709883 0.724224 0.731086 0.733752 0.215
0.656254 0.70975 0.723998 0.730137 0.733752 0.216
0.656254 0.70975 0.722869 0.730137 0.733752 0.217
0.656254 0.70975 0.721942 0.730061 0.732797 0.218
0.656254 0.708564 0.721942 0.730061 0.732797 0.219
0.652881 0.704228 0.721724 0.729093 0.730969 0.22
0.652881 0.701767 0.720557 0.727962 0.727848 0.221
0.651182 0.698677 0.718175 0.726768 0.726879 0.222
0.651182 0.698677 0.716716 0.725674 0.726879 0.223
0.651182 0.693207 0.716716 0.724556 0.726879 0.224
0.646049 0.691737 0.716716 0.723531 0.725851 0.225
0.646049 0.691737 0.714491 0.722445 0.725851 0.226
0.646049 0.690336 0.712168 0.721301 0.725781 0.227
0.646049 0.690258 0.712168 0.721301 0.724733 0.228
0.642593 0.690258 0.711052 0.720095 0.723531 0.229
0.642593 0.688846 0.711052 0.720113 0.723531 0.23
0.64086 0.68734 0.70975 0.720113 0.722379 0.231
0.64086 0.685863 0.70975 0.720093 0.722275 0.232
0.64086 0.684349 0.708057 0.718913 0.722275 0.233
0.639119 0.682785 0.708057 0.718888 0.72096 0.234
0.639119 0.682785 0.703201 0.718825 0.72096 0.235
0.637367 0.681244 0.702856 0.717504 0.719921 0.237
0.635612 0.681244 0.701834 0.717504 0.719921 0.238
0.635612 0.681061 0.701494 0.716273 0.719921 0.239
0.633854 0.676495 0.701494 0.716273 0.71978 0.24
0.633854 0.674821 0.701494 0.716273 0.71978 0.242
0.63209 0.674681 0.701494 0.716128 0.71978 0.243
0.630313 0.674681 0.699374 0.716128 0.71978 0.245
0.628544 0.674681 0.699065 0.716128 0.71978 0.246
0.628544 0.672918 0.699065 0.716128 0.71978 0.247
0.626759 0.672918 0.699065 0.71471 0.71978 0.248
0.623183 0.671504 0.699065 0.71471 0.71978 0.249
0.623183 0.671504 0.699065 0.713625 0.71978 0.25
0.623183 0.669908 0.699065 0.713625 0.71978 0.251
0.621386 0.669908 0.699065 0.713625 0.717178 0.253
0.621386 0.669908 0.697969 0.713625 0.717178 0.254
0.621386 0.669908 0.697969 0.713625 0.715955 0.255
0.621386 0.669908 0.693383 0.713445 0.715955 0.256
0.619578 0.668436 0.692234 0.713445 0.71574 0.257
0.619578 0.663652 0.692234 0.710673 0.71574 0.258
0.615965 0.662008 0.689569 0.709371 0.71574 0.26
0.615965 0.658701 0.689569 0.706203 0.71574 0.261
0.615965 0.657037 0.687197 0.703422 0.71574 0.262
0.615965 0.657037 0.686034 0.702482 0.714491 0.263
0.615965 0.657037 0.682344 0.702482 0.713445 0.264
0.615965 0.656955 0.682344 0.702482 0.713445 0.265
0.615965 0.656955 0.680822 0.70207 0.713445 0.266
0.615965 0.656831 0.679294 0.701116 0.713445 0.267
0.614151 0.655286 0.679294 0.700115 0.71323 0.268
0.614151 0.65516 0.679294 0.696547 0.71323 0.269
0.614151 0.653605 0.67891 0.69424 0.710425 0.27
0.614151 0.653484 0.67891 0.693746 0.708527 0.271
0.612326 0.65165 0.67891 0.693746 0.707529 0.272
0.612326 0.65165 0.677758 0.688655 0.705141 0.273
0.610979 0.650116 0.677758 0.68722 0.705141 0.274
0.60983 0.648417 0.676958 0.686375 0.705141 0.275
0.609468 0.648417 0.676958 0.684562 0.702856 0.276
0.609468 0.646722 0.67583 0.684562 0.700459 0.277
0.60841 0.645011 0.675413 0.684562 0.700459 0.278
0.60841 0.641685 0.675413 0.68254 0.697047 0.279
0.60841 0.641579 0.67386 0.68254 0.695652 0.28
0.60841 0.641579 0.670727 0.68254 0.692673 0.281
0.608076 0.641579 0.662325 0.681973 0.690687 0.282
0.608076 0.641579 0.660703 0.681052 0.689838 0.283
0.607742 0.641579 0.659508 0.681052 0.686949 0.284
0.607742 0.641579 0.656995 0.679552 0.684919 0.285
0.607425 0.641579 0.656995 0.67706 0.684022 0.286
0.607108 0.639853 0.655349 0.675527 0.684022 0.287
0.607108 0.638119 0.655349 0.672942 0.68345 0.288
0.607108 0.638119 0.655349 0.672444 0.68345 0.289
0.607108 0.636485 0.654021 0.671914 0.681052 0.291
0.607108 0.634739 0.653688 0.669822 0.680091 0.292
0.607108 0.631317 0.651275 0.668715 0.680091 0.293
0.606801 0.631317 0.646631 0.668243 0.678579 0.294
0.606801 0.629535 0.646631 0.668243 0.678579 0.295
0.606507 0.629535 0.644945 0.667126 0.678579 0.296
0.606507 0.627768 0.643251 0.66666 0.678579 0.297
0.606507 0.625937 0.641546 0.66666 0.678579 0.298
0.606209 0.622293 0.641546 0.665533 0.67706 0.299
0.606209 0.620506 0.641546 0.665533 0.676522 0.3
0.606209 0.620379 0.641546 0.665533 0.675375 0.301
0.606209 0.620379 0.641168 0.665533 0.673462 0.302
0.606209 0.61844 0.638471 0.66347 0.672902 0.303
0.606209 0.618243 0.636031 0.66186 0.672902 0.304
0.605922 0.618243 0.636031 0.660853 0.672313 0.305
0.605647 0.618243 0.636031 0.660307 0.672313 0.306
0.605109 0.618023 0.63563 0.65924 0.672313 0.307
0.605109 0.616462 0.63563 0.658136 0.672313 0.308
0.604857 0.616235 0.633473 0.657624 0.672313 0.309
0.604857 0.616235 0.633014 0.657624 0.672313 0.31
0.604607 0.614668 0.63253 0.656511 0.6717 0.311
0.604607 0.614668 0.630295 0.656511 0.670161 0.312
0.604607 0.611552 0.630295 0.654876 0.66922 0.313
0.604607 0.611183 0.628569 0.654361 0.66922 0.314
0.604359 0.610369 0.628569 0.651076 0.66922 0.315
0.604359 0.610369 0.62305 0.651076 0.66922 0.316
0.603674 0.609748 0.621713 0.649927 0.66922 0.317
0.603674 0.609748 0.619535 0.647226 0.66922 0.318
0.603674 0.609415 0.616794 0.647226 0.66922 0.319
0.603674 0.609358 0.616794 0.644414 0.66766 0.32
0.60346 0.609358 0.616794 0.643232 0.663909 0.321
0.603253 0.609275 0.616794 0.642013 0.662326 0.322
0.603047 0.608851 0.615369 0.641546 0.662326 0.323
0.602661 0.608552 0.615369 0.63985 0.661701 0.324
0.602661 0.608552 0.611799 0.63985 0.661047 0.325
0.602661 0.608552 0.611799 0.639357 0.657189 0.326
0.602482 0.608419 0.610441 0.639357 0.656492 0.327
0.602482 0.607974 0.610022 0.638833 0.655767 0.328
0.602482 0.607786 0.609748 0.637109 0.655024 0.329
0.602482 0.607786 0.609689 0.636478 0.654169 0.33
0.602303 0.607786 0.609415 0.633097 0.654169 0.331
0.602135 0.607786 0.609415 0.632451 0.652562 0.332
0.602135 0.60743 0.609108 0.631786 0.652562 0.333
0.602135 0.607311 0.608013 0.631786 0.652562 0.334
0.602135 0.607155 0.607593 0.631088 0.652562 0.335
0.602135 0.607155 0.607593 0.628383 0.652562 0.336
0.602135 0.606971 0.607143 0.624969 0.650737 0.337
0.602135 0.606899 0.606223 0.624969 0.650737 0.338
0.602135 0.6068 0.606372 0.624969 0.64747 0.339
0.602135 0.605945 0.605937 0.623909 0.645471 0.34
0.601974 0.60577 0.605189 0.621697 0.645471 0.341
0.601974 0.605725 0.605548 0.621697 0.643177 0.342
0.60153 0.60534 0.605548 0.621697 0.643177 0.343
0.601394 0.604378 0.605548 0.62054 0.640854 0.344
0.601394 0.604397 0.605548 0.62054 0.640179 0.345
0.60126 0.604397 0.605548 0.62054 0.640179 0.346
0.60126 0.604207 0.605548 0.62054 0.640179 0.347
0.600908 0.604207 0.605548 0.619958 0.63781 0.348
0.600615 0.604228 0.605548 0.613233 0.63781 0.349
0.600532 0.604228 0.605691 0.612181 0.63684 0.35
0.600532 0.604228 0.605903 0.612181 0.63684 0.351
0.600532 0.604228 0.605903 0.611102 0.628879 0.352
0.600455 0.604228 0.605656 0.605832 0.628879 0.353
0.600455 0.604181 0.604099 0.605832 0.623925 0.354
0.60038 0.604181 0.604062 0.604214 0.623025 0.355
0.60038 0.604181 0.604062 0.60389 0.619721 0.356
0.60038 0.604181 0.604062 0.604203 0.619721 0.357
0.60038 0.604001 0.604016 0.604197 0.619721 0.358
0.60038 0.603862 0.604016 0.603904 0.619721 0.359
0.60038 0.603725 0.603664 0.603904 0.614602 0.36
0.60038 0.603685 0.603963 0.603028 0.612062 0.361
0.60038 0.603685 0.603642 0.601498 0.610239 0.362
0.60038 0.603685 0.603642 0.600327 0.610239 0.363
0.60038 0.603685 0.603642 0.599852 0.609282 0.364
0.60038 0.603685 0.603472 0.600049 0.609282 0.365
0.60038 0.603685 0.60296 0.599835 0.605036 0.366
0.60038 0.603467 0.603145 0.599835 0.605036 0.367
0.60038 0.603356 0.603145 0.600246 0.605036 0.368
0.600315 0.603356 0.603145 0.600635 0.603433 0.369
0.60025 0.603356 0.602839 0.600439 0.603433 0.37
0.600202 0.603356 0.602839 0.600439 0.602606 0.371
0.600202 0.603356 0.602839 0.600439 0.598287 0.372
0.600202 0.603262 0.602839 0.600439 0.598287 0.373
0.600202 0.603219 0.602839 0.599238 0.597864 0.374
0.600202 0.603219 0.602839 0.598604 0.597555 0.375
0.600202 0.603156 0.603003 0.597952 0.596718 0.376
0.600202 0.603114 0.603003 0.597952 0.596718 0.377
0.600202 0.603114 0.603003 0.598883 0.596422 0.378
0.600202 0.603114 0.602367 0.598258 0.595569 0.379
0.600202 0.603114 0.601497 0.597605 0.596133 0.381
0.600202 0.603044 0.601497 0.597605 0.596133 0.382
0.600112 0.603044 0.601497 0.597442 0.596133 0.383
0.600112 0.602792 0.601759 0.597442 0.596133 0.384
0.600112 0.602792 0.60138 0.597442 0.596133 0.385
0.600076 0.602793 0.60138 0.597934 0.596133 0.386
0.60005 0.602781 0.601271 0.597934 0.595287 0.387
0.60005 0.602781 0.601271 0.597934 0.595009 0.388
0.60005 0.602781 0.600867 0.597934 0.595583 0.389
0.600011 0.602781 0.601169 0.597934 0.595583 0.39
0.600011 0.602781 0.601169 0.597782 0.595583 0.391
0.600011 0.602671 0.601169 0.597141 0.595583 0.392
0.600011 0.602593 0.601169 0.597141 0.596146 0.393
0.600011 0.602593 0.601169 0.597141 0.595893 0.394
0.600011 0.602614 0.601442 0.597141 0.594824 0.395
0.600003 0.602544 0.601442 0.597141 0.594824 0.396
0.6 0.602544 0.601071 0.597141 0.594824 0.397
0.6 0.602569 0.600677 0.598579 0.594824 0.398
0.6 0.602569 0.600677 0.59799 0.593987 0.399
0.6 0.602561 0.60099 0.598892 0.593987 0.4
0.6 0.602561 0.601531 0.599206 0.594586 0.401
0.600003 0.602484 0.601531 0.599206 0.59181 0.402
0.600003 0.602484 0.601964 0.599206 0.592462 0.403
0.600011 0.602376 0.601964 0.599609 0.592256 0.404
0.600011 0.602426 0.601964 0.599609 0.592256 0.405
0.600026 0.602426 0.602138 0.599609 0.592256 0.406
0.600026 0.602357 0.602138 0.599609 0.593524 0.407
0.600026 0.602357 0.602074 0.599989 0.593524 0.408
0.600026 0.602256 0.602296 0.600346 0.592705 0.409
0.600026 0.602256 0.602296 0.60099 0.593334 0.41
0.600026 0.602113 0.602296 0.60099 0.592518 0.411
0.600026 0.601938 0.602296 0.601531 0.592518 0.412
0.600026 0.601938 0.602296 0.601453 0.592518 0.413
0.600026 0.601938 0.602296 0.601453 0.594378 0.414
0.60005 0.602243 0.602296 0.601387 0.593605 0.416
0.60005 0.602243 0.602259 0.601624 0.592011 0.418
0.60005 0.602243 0.602225 0.601624 0.591858 0.419
0.60005 0.602243 0.602225 0.60157 0.593152 0.42
0.60005 0.602243 0.602197 0.60157 0.593152 0.421
0.60005 0.602243 0.602197 0.60123 0.594382 0.422
0.60005 0.602243 0.602197 0.60123 0.594261 0.423
0.600076 0.602243 0.602197 0.601161 0.593525 0.424
0.600112 0.602107 0.602022 0.601161 0.593525 0.426
0.600154 0.602113 0.602022 0.601397 0.59474 0.427
0.600154 0.602256 0.602162 0.601106 0.593744 0.428
0.600154 0.602256 0.602007 0.601106 0.594358 0.429
0.600154 0.602256 0.601827 0.601621 0.594887 0.43
0.600154 0.602145 0.601827 0.601834 0.595472 0.431
0.600154 0.602145 0.602007 0.601834 0.596583 0.432
0.600154 0.602145 0.602162 0.601834 0.596583 0.433
0.600154 0.602294 0.602374 0.602022 0.597107 0.434
0.600202 0.602294 0.602197 0.601848 0.597563 0.435
0.600202 0.602323 0.602197 0.601848 0.597563 0.436
0.600202 0.602439 0.602197 0.601848 0.597563 0.437
0.60025 0.602472 0.602323 0.601848 0.597563 0.438
0.600315 0.602399 0.602323 0.601848 0.597563 0.439
0.600315 0.602138 0.602323 0.601848 0.597563 0.44
0.600315 0.602013 0.602323 0.601848 0.597016 0.441
0.600315 0.602259 0.602259 0.601848 0.596445 0.442
0.600315 0.602467 0.602259 0.601848 0.596445 0.443
0.600315 0.602467 0.602259 0.601848 0.596984 0.444
0.60038 0.602467 0.602259 0.601848 0.596984 0.445
0.60038 0.602467 0.602259 0.601869 0.596984 0.446
0.600455 0.602325 0.602391 0.60167 0.597499 0.447
0.600532 0.602142 0.602391 0.60167 0.597499 0.448
0.600615 0.602142 0.602391 0.60167 0.597991 0.449
0.600615 0.602612 0.602496 0.60167 0.597991 0.45
0.600615 0.602612 0.602496 0.601898 0.597991 0.451
0.600615 0.602479 0.602544 0.601898 0.597976 0.452
0.600615 0.602479 0.602544 0.602259 0.598907 0.453
0.600802 0.602306 0.602488 0.602259 0.598907 0.454
0.600802 0.602306 0.602593 0.602391 0.598907 0.455
0.600802 0.602091 0.602593 0.602391 0.598907 0.457
0.600802 0.601834 0.602593 0.602496 0.598907 0.458
0.600802 0.601834 0.602593 0.602602 0.598907 0.459
0.600802 0.601834 0.602671 0.602602 0.599338 0.46
0.601019 0.602184 0.602715 0.602602 0.599338 0.461
0.601019 0.602494 0.602715 0.602602 0.599746 0.462
0.601019 0.602494 0.602724 0.602602 0.599746 0.463
0.601019 0.602283 0.602724 0.602602 0.599746 0.464
0.601019 0.602283 0.602724 0.602606 0.600125 0.466
0.601019 0.602283 0.602697 0.602606 0.598914 0.467
0.601136 0.602283 0.602697 0.602671 0.598914 0.472
0.601136 0.602283 0.602697 0.602655 0.598914 0.473
0.60126 0.602283 0.602697 0.602655 0.598914 0.474
0.60126 0.602283 0.602697 0.602735 0.598463 0.477
0.60126 0.602283 0.602697 0.602735 0.597991 0.478
0.60126 0.602283 0.602854 0.602735 0.597991 0.479
0.60126 0.602283 0.602854 0.602723 0.59802 0.482
0.60126 0.602283 0.602854 0.602679 0.598515 0.484
0.60126 0.602283 0.602854 0.602798 0.598515 0.485
0.60126 0.602283 0.602854 0.602759 0.598515 0.487
0.60126 0.602869 0.602854 0.602759 0.598992 0.488
0.60126 0.602709 0.602883 0.602759 0.598992 0.489
0.60126 0.602709 0.602939 0.602759 0.599031 0.49
0.60126 0.602709 0.602972 0.602759 0.599031 0.491
0.60126 0.602709 0.602972 0.60284 0.599031 0.492
0.60126 0.602709 0.602972 0.60284 0.599078 0.493
0.60126 0.602709 0.602972 0.60284 0.59865 0.494
0.60126 0.602709 0.602969 0.602776 0.59865 0.495
0.60126 0.602501 0.602969 0.602776 0.59865 0.496
0.60126 0.602825 0.602969 0.602776 0.599133 0.498
0.60126 0.602825 0.602969 0.602549 0.599133 0.499
0.60153 0.603106 0.602969 0.602549 0.599133 0.5
0.60153 0.602948 0.603059 0.602549 0.598705 0.501
0.60153 0.602948 0.603059 0.60278 0.598705 0.502
0.60153 0.602948 0.603064 0.602975 0.598705 0.503
0.60153 0.603234 0.603156 0.603137 0.598705 0.504
0.60153 0.603234 0.603156 0.603137 0.598256 0.505
0.60153 0.603234 0.603162 0.603137 0.598256 0.506
0.60153 0.603234 0.603137 0.603078 0.598256 0.507
0.60153 0.60288 0.603272 0.603078 0.598256 0.509
0.601672 0.60288 0.603374 0.602994 0.599732 0.511
0.601672 0.60321 0.603374 0.602994 0.599732 0.512
0.601815 0.60321 0.603374 0.602994 0.599805 0.513
0.601815 0.60321 0.603385 0.602994 0.599805 0.514
0.601815 0.603505 0.603509 0.602994 0.599805 0.515
0.601815 0.603759 0.603509 0.602994 0.599006 0.516
0.601974 0.603759 0.603509 0.603198 0.599006 0.517
0.601974 0.603759 0.603495 0.603198 0.598674 0.518
0.601974 0.603759 0.603743 0.603198 0.59787 0.519
0.601974 0.603759 0.603821 0.603243 0.598452 0.522
0.601974 0.60416 0.603821 0.602839 0.598452 0.524
0.602135 0.604136 0.603821 0.60265 0.598452 0.525
0.602135 0.604074 0.603857 0.60265 0.599014 0.526
0.602135 0.604074 0.603857 0.60265 0.599554 0.527
0.602303 0.604302 0.603857 0.60265 0.600071 0.528
0.602482 0.604241 0.603958 0.60265 0.601035 0.529
0.602482 0.604241 0.604026 0.602987 0.601035 0.53
0.602482 0.603996 0.604026 0.602987 0.601476 0.531
0.602482 0.603996 0.604338 0.603295 0.601476 0.532
0.602482 0.603996 0.604503 0.603295 0.601618 0.533
0.602482 0.603817 0.604594 0.60404 0.601618 0.536
0.602854 0.603817 0.604594 0.60404 0.602041 0.537
0.602854 0.604493 0.604594 0.603985 0.602041 0.539
0.602854 0.604493 0.604594 0.604207 0.602194 0.54
0.603047 0.604358 0.604648 0.604207 0.602194 0.541
0.603047 0.604682 0.604666 0.604207 0.602194 0.542
0.603047 0.604548 0.604666 0.604397 0.602194 0.543
0.603047 0.604548 0.604666 0.604397 0.602591 0.545
0.603047 0.604548 0.604666 0.604397 0.60296 0.546
0.603047 0.604548 0.604828 0.604378 0.60296 0.547
0.603047 0.604548 0.604828 0.604378 0.603301 0.551
0.603047 0.604548 0.604847 0.604378 0.603125 0.552
0.60346 0.604548 0.604847 0.604378 0.603125 0.553
0.60346 0.604548 0.604847 0.604378 0.602696 0.554
0.60346 0.604548 0.605011 0.604378 0.602696 0.555
0.603674 0.604548 0.605011 0.604378 0.602696 0.556
0.603674 0.604874 0.605011 0.604378 0.602696 0.557
0.603674 0.604874 0.605011 0.604556 0.602696 0.558
0.603674 0.604874 0.6052 0.604742 0.603104 0.56
0.603674 0.604874 0.6052 0.604707 0.603104 0.561
0.603674 0.605165 0.605215 0.604707 0.603104 0.565
0.603674 0.605165 0.605215 0.604941 0.603104 0.566
0.603674 0.605165 0.605415 0.604941 0.602878 0.567
0.603674 0.605165 0.605816 0.605138 0.603067 0.569
0.603896 0.605165 0.605816 0.605138 0.603265 0.571
0.603896 0.605079 0.605816 0.605348 0.603678 0.573
0.603896 0.605079 0.605816 0.60555 0.604062 0.574
0.603896 0.605371 0.605816 0.60556 0.604062 0.577
0.603896 0.605371 0.605816 0.605783 0.604062 0.578
0.604128 0.605632 0.605816 0.605783 0.604062 0.579
0.604128 0.605851 0.605816 0.605783 0.604062 0.58
0.604128 0.605851 0.605816 0.605783 0.604273 0.581
0.604128 0.605851 0.605969 0.605993 0.604635 0.582
0.604128 0.605851 0.605969 0.605993 0.604492 0.583
0.604128 0.605851 0.606086 0.605993 0.604325 0.586
0.604128 0.605851 0.606169 0.605993 0.604325 0.587
0.604128 0.605851 0.606169 0.606406 0.604718 0.588
0.604128 0.605851 0.606169 0.606406 0.605083 0.589
0.604128 0.605851 0.606169 0.606467 0.605083 0.59
0.604128 0.605851 0.606169 0.606467 0.604949 0.591
0.604359 0.606042 0.606169 0.606467 0.605188 0.592
0.604359 0.606042 0.606406 0.606497 0.605188 0.593
0.604857 0.606042 0.606406 0.606497 0.605903 0.594
0.604857 0.606042 0.606548 0.606497 0.606214 0.595
0.604857 0.606042 0.606548 0.606709 0.606214 0.596
0.604857 0.606548 0.606645 0.606746 0.606154 0.597
0.604857 0.606548 0.6068 0.606746 0.606154 0.598
0.604857 0.606548 0.606899 0.606746 0.606154 0.599
0.604857 0.606666 0.606899 0.606746 0.606471 0.6
0.604857 0.606785 0.606899 0.606746 0.606751 0.601
0.604857 0.606785 0.606971 0.606746 0.606751 0.602
0.604857 0.606785 0.607155 0.606746 0.606751 0.603
0.604857 0.606785 0.607155 0.606751 0.606727 0.604
0.604857 0.606789 0.607155 0.606751 0.606727 0.605
0.604857 0.606789 0.607155 0.606751 0.60702 0.606
0.605109 0.606789 0.60723 0.606751 0.60702 0.607
0.605109 0.607038 0.60723 0.606751 0.60702 0.608
0.605109 0.607043 0.607421 0.606751 0.60702 0.609
0.605109 0.607294 0.607421 0.606751 0.60702 0.61
0.605109 0.607294 0.607421 0.60702 0.60702 0.611
0.605922 0.607294 0.607421 0.60702 0.60729 0.612
0.605922 0.607563 0.607499 0.60702 0.60729 0.613
0.605922 0.607563 0.607499 0.607273 0.607277 0.614
0.605922 0.607786 0.607691 0.607273 0.607277 0.617
0.605922 0.607836 0.607691 0.60729 0.607277 0.619
0.605922 0.607836 0.607777 0.60755 0.607277 0.62
0.605922 0.607836 0.607777 0.60757 0.607277 0.621
0.606209 0.607836 0.607968 0.607831 0.607277 0.623
0.606209 0.608062 0.607968 0.60812 0.607239 0.624
0.606507 0.608062 0.607968 0.60812 0.607531 0.625
0.606507 0.608062 0.608131 0.60812 0.607531 0.626
0.606801 0.608113 0.608256 0.60812 0.607531 0.628
0.606801 0.608113 0.608419 0.60812 0.607775 0.629
0.606801 0.608131 0.608552 0.60812 0.607775 0.63
0.606801 0.608404 0.608552 0.608152 0.607775 0.631
0.606801 0.608404 0.608552 0.608459 0.607775 0.632
0.607108 0.608404 0.608715 0.608727 0.607775 0.633
0.607108 0.608404 0.608715 0.608727 0.608085 0.634
0.607108 0.608422 0.608848 0.608727 0.60845 0.635
0.607108 0.608422 0.608848 0.608783 0.60845 0.636
0.607108 0.608422 0.608848 0.609084 0.60845 0.637
0.607108 0.608698 0.608848 0.609084 0.60845 0.639
0.607425 0.608698 0.609021 0.609358 0.608339 0.64
0.607425 0.608943 0.609165 0.609358 0.608339 0.641
0.607425 0.608943 0.609165 0.609358 0.608735 0.643
0.607425 0.608943 0.609165 0.609358 0.608673 0.644
0.607425 0.609024 0.609598 0.609358 0.608673 0.646
0.607742 0.60895 0.609598 0.60944 0.608586 0.647
0.607742 0.60895 0.609803 0.609781 0.608586 0.651
0.607742 0.609268 0.609803 0.609781 0.609013 0.652
0.607742 0.609645 0.609803 0.610089 0.609788 0.653
0.607742 0.609645 0.609978 0.610128 0.610128 0.654
0.608076 0.609645 0.610218 0.610441 0.610128 0.656
0.608076 0.609982 0.610653 0.610441 0.610128 0.657
0.60841 0.610287 0.610653 0.610441 0.610441 0.658
0.60841 0.610287 0.610798 0.610441 0.610721 0.66
0.60841 0.610287 0.611006 0.610441 0.610721 0.661
0.60841 0.610322 0.611006 0.610441 0.610721 0.663
0.60841 0.610311 0.611183 0.610721 0.610721 0.664
0.60841 0.610264 0.611183 0.610721 0.610721 0.666
0.608751 0.611014 0.611183 0.610721 0.610721 0.669
0.609106 0.611014 0.611183 0.610721 0.610721 0.67
0.609106 0.611377 0.611183 0.610721 0.610721 0.673
0.60983 0.611377 0.611183 0.610721 0.610721 0.674
0.60983 0.611377 0.611183 0.610721 0.610798 0.675
0.60983 0.611705 0.611183 0.610966 0.611799 0.676
0.60983 0.611739 0.611183 0.610966 0.611799 0.679
0.60983 0.611744 0.611183 0.610966 0.611799 0.681
0.60983 0.611744 0.61137 0.611183 0.611799 0.682
0.60983 0.611744 0.611513 0.611329 0.611799 0.683
0.60983 0.611744 0.611625 0.612398 0.612112 0.684
0.60983 0.611744 0.611625 0.612655 0.612112 0.685
0.610587 0.611744 0.611625 0.612655 0.612112 0.686
0.610587 0.611701 0.611625 0.612655 0.612112 0.689
0.610979 0.611701 0.611625 0.612655 0.612112 0.69
0.610979 0.611701 0.611625 0.612655 0.612398 0.692
0.612326 0.611701 0.611882 0.612655 0.612398 0.693
0.612326 0.611701 0.611999 0.612655 0.612655 0.694
0.612326 0.611701 0.613212 0.612871 0.612655 0.695
0.612326 0.611701 0.613212 0.613057 0.612655 0.698
0.612326 0.611701 0.613212 0.613212 0.612655 0.699
0.612326 0.611701 0.613212 0.613323 0.612655 0.7
0.612326 0.611701 0.613408 0.613323 0.612655 0.701
0.612326 0.611622 0.613408 0.613323 0.612655 0.703
0.612326 0.611622 0.613408 0.613323 0.613057 0.704
0.612326 0.612005 0.613408 0.613447 0.613057 0.705
0.612326 0.612005 0.613408 0.613447 0.613212 0.706
0.612326 0.613419 0.613408 0.613447 0.613212 0.707
0.612326 0.613419 0.613447 0.613447 0.613212 0.71
0.612326 0.613419 0.613447 0.613447 0.613323 0.712
0.612326 0.613419 0.613451 0.613447 0.613408 0.715
0.612326 0.613345 0.613451 0.613447 0.615131 0.717
0.612326 0.613345 0.613451 0.613451 0.615131 0.72
0.612326 0.613226 0.613451 0.613451 0.615131 0.721
0.614151 0.613226 0.613451 0.613451 0.615209 0.723
0.615965 0.613226 0.613451 0.615253 0.616923 0.725
0.615965 0.613226 0.613345 0.615253 0.618715 0.726
0.615965 0.613226 0.613226 0.615263 0.618715 0.731
0.615965 0.613069 0.613226 0.615263 0.618715 0.732
0.615965 0.613069 0.613226 0.617066 0.618715 0.733
0.615965 0.613069 0.613226 0.618853 0.618715 0.734
0.615965 0.613069 0.613226 0.618853 0.620379 0.735
0.615965 0.613069 0.615155 0.618853 0.620379 0.736
0.615965 0.613069 0.615042 0.618853 0.620379 0.737
0.615965 0.612865 0.615042 0.618853 0.620379 0.738
0.615965 0.612865 0.615042 0.620594 0.620379 0.743
0.615965 0.612865 0.616962 0.620594 0.622002 0.744
0.615965 0.612865 0.618833 0.620594 0.622002 0.745
0.615965 0.614685 0.618762 0.620594 0.623781 0.749
0.615965 0.614685 0.618762 0.620642 0.623781 0.75
0.615965 0.614685 0.618762 0.62238 0.623781 0.752
0.615965 0.614685 0.620627 0.62238 0.623781 0.755
0.615965 0.614685 0.620627 0.62238 0.625351 0.756
0.615965 0.614685 0.620627 0.62238 0.625714 0.757
0.615965 0.616695 0.620627 0.62407 0.627314 0.758
0.615965 0.618653 0.620627 0.62407 0.627314 0.759
0.615965 0.618499 0.620627 0.62407 0.627314 0.762
0.615965 0.618499 0.620627 0.624162 0.628871 0.763
0.615965 0.618499 0.622446 0.624162 0.628871 0.764
0.615965 0.618499 0.622446 0.625937 0.628871 0.765
0.615965 0.618499 0.622446 0.627612 0.628871 0.766
0.615965 0.620451 0.622446 0.627612 0.628871 0.768
0.617772 0.620451 0.624215 0.627709 0.628871 0.769
0.617772 0.620451 0.624215 0.627709 0.630384 0.771
0.617772 0.620451 0.624233 0.629378 0.630384 0.772
0.617772 0.620451 0.624208 0.629378 0.630384 0.774
0.617772 0.620451 0.625992 0.629378 0.630625 0.776
0.619578 0.622356 0.625992 0.629378 0.630625 0.777
0.621386 0.622356 0.627788 0.629378 0.632373 0.778
0.621386 0.622356 0.627788 0.631001 0.632373 0.78
0.621386 0.622356 0.627768 0.631001 0.632373 0.781
0.621386 0.622356 0.627768 0.631135 0.632373 0.782
0.621386 0.624208 0.627704 0.631135 0.632373 0.783
0.621386 0.624147 0.629535 0.631298 0.632373 0.784
0.621386 0.624041 0.629535 0.631298 0.632583 0.785
0.621386 0.62389 0.629535 0.632994 0.632754 0.787
0.623183 0.62389 0.629535 0.632994 0.632754 0.788
0.623183 0.62389 0.629535 0.632994 0.634325 0.789
0.623183 0.625822 0.629535 0.632994 0.634325 0.79
0.623183 0.625822 0.631317 0.632994 0.634502 0.791
0.623183 0.62938 0.631317 0.633053 0.634502 0.792
0.623183 0.629237 0.631317 0.633053 0.634502 0.793
0.623183 0.629237 0.6313 0.633053 0.634502 0.794
0.624972 0.629237 0.6313 0.633053 0.634502 0.797
0.624972 0.631149 0.633078 0.634739 0.634502 0.798
0.624972 0.631149 0.633078 0.634739 0.634739 0.799
0.624972 0.631005 0.633067 0.634739 0.634739 0.801
0.624972 0.631005 0.633012 0.634739 0.634739 0.802
0.626759 0.631005 0.633012 0.634739 0.634739 0.803
0.626759 0.631005 0.633012 0.634739 0.634804 0.805
0.626759 0.632912 0.633012 0.634739 0.634804 0.806
0.626759 0.632773 0.633012 0.634739 0.636485 0.807
0.626759 0.632773 0.633012 0.634804 0.636485 0.809
0.626759 0.632773 0.634821 0.634834 0.636485 0.81
0.628544 0.632594 0.634821 0.634834 0.636485 0.811
0.628544 0.634536 0.634764 0.634834 0.636485 0.813
0.628544 0.634536 0.634764 0.634834 0.638119 0.814
0.628544 0.634536 0.63467 0.634834 0.638119 0.815
0.628544 0.634536 0.63467 0.636555 0.638119 0.816
0.628544 0.634536 0.63467 0.636555 0.638228 0.817
0.630313 0.634536 0.63467 0.636555 0.638296 0.818
0.630313 0.634536 0.63467 0.636555 0.641579 0.819
0.630313 0.634536 0.63467 0.636555 0.641685 0.821
0.630313 0.634536 0.63467 0.638296 0.641685 0.823
0.630313 0.634349 0.63467 0.638296 0.641685 0.825
0.63209 0.634349 0.63467 0.638323 0.641685 0.826
0.63209 0.634349 0.634536 0.638323 0.641685 0.827
0.63209 0.634349 0.634536 0.641685 0.641685 0.828
0.63209 0.634349 0.636428 0.641757 0.641685 0.829
0.63209 0.634349 0.636428 0.641757 0.643408 0.833
0.633854 0.634349 0.636428 0.641757 0.643408 0.834
0.633854 0.634349 0.638268 0.641757 0.643485 0.836
0.633854 0.634349 0.63817 0.641757 0.643485 0.838
0.637367 0.634349 0.63817 0.641794 0.643485 0.839
0.637367 0.634349 0.641781 0.641794 0.643485 0.841
0.637367 0.634349 0.641781 0.643485 0.643485 0.842
0.637367 0.636286 0.641781 0.643485 0.643485 0.844
0.637367 0.636286 0.641781 0.643485 0.645127 0.847
0.637367 0.636286 0.641781 0.643485 0.646722 0.848
0.637367 0.638039 0.641781 0.643485 0.646722 0.851
0.637367 0.638039 0.643513 0.643485 0.646722 0.855
0.637367 0.643468 0.643513 0.645127 0.648271 0.856
0.637367 0.643468 0.643513 0.646722 0.649774 0.858
0.637367 0.643468 0.643513 0.646722 0.651234 0.859
0.637367 0.643468 0.643513 0.646829 0.651234 0.861
0.637367 0.643468 0.643513 0.646829 0.652649 0.864
0.639119 0.643468 0.643513 0.648417 0.652649 0.865
0.639119 0.643468 0.645236 0.651454 0.652649 0.868
0.639119 0.643378 0.64691 0.651454 0.652904 0.869
0.639119 0.645187 0.64691 0.651454 0.654312 0.87
0.639119 0.645187 0.648537 0.651454 0.654312 0.871
0.644323 0.645187 0.648537 0.651454 0.654312 0.873
0.644323 0.645187 0.648537 0.652904 0.654312 0.874
0.644323 0.645187 0.648537 0.65333 0.654312 0.875
0.646049 0.645187 0.648616 0.65333 0.654579 0.878
0.646049 0.645187 0.650234 0.65333 0.654579 0.879
0.646049 0.645187 0.650234 0.654809 0.654579 0.88
0.646049 0.645187 0.651806 0.655001 0.654579 0.881
0.646049 0.645187 0.65333 0.655001 0.654579 0.882
0.646049 0.645187 0.65333 0.655001 0.65647 0.884
0.646049 0.648653 0.653484 0.655001 0.65647 0.885
0.646049 0.650352 0.653605 0.655001 0.656831 0.886
0.646049 0.650352 0.65516 0.655001 0.65833 0.887
0.646049 0.650358 0.65516 0.655001 0.65833 0.888
0.646049 0.650358 0.656831 0.655001 0.659782 0.889
0.646049 0.650358 0.656831 0.656667 0.659782 0.892
0.647766 0.650358 0.656831 0.656667 0.659782 0.893
0.651182 0.65205 0.658492 0.656667 0.659782 0.894
0.651182 0.65205 0.658492 0.656831 0.659782 0.895
0.651182 0.655286 0.658492 0.65833 0.659782 0.897
0.651182 0.655286 0.658492 0.659782 0.659782 0.899
0.651182 0.655371 0.658492 0.659782 0.659782 0.902
0.651182 0.656955 0.658492 0.659782 0.659782 0.903
0.651182 0.656955 0.658492 0.661424 0.659782 0.905
0.651182 0.656955 0.658492 0.661424 0.661424 0.908
0.652881 0.656955 0.658492 0.661424 0.661424 0.909
0.652881 0.658492 0.658492 0.661424 0.661424 0.91
0.652881 0.658492 0.659981 0.661424 0.661424 0.911
0.652881 0.658492 0.661424 0.661424 0.661424 0.913
0.652881 0.658492 0.661424 0.661424 0.661622 0.914
0.65457 0.658492 0.661424 0.661424 0.661622 0.917
0.657934 0.658492 0.661622 0.661424 0.661622 0.92
0.657934 0.658492 0.661622 0.661622 0.663056 0.921
0.659602 0.658614 0.661622 0.661622 0.664446 0.926
0.659602 0.660141 0.661622 0.661622 0.664446 0.928
0.659602 0.661622 0.661622 0.661622 0.664446 0.93
0.659602 0.661786 0.661622 0.661622 0.664446 0.931
0.659602 0.661786 0.661622 0.663056 0.664446 0.932
0.661258 0.661786 0.661622 0.663056 0.664446 0.933
0.661258 0.661786 0.661622 0.663056 0.666063 0.935
0.661258 0.661918 0.661622 0.664446 0.666063 0.937
0.661258 0.662008 0.661786 0.664446 0.666063 0.94
0.661258 0.662008 0.661786 0.664446 0.666307 0.941
0.661258 0.662063 0.661786 0.664446 0.666307 0.942
0.661258 0.662074 0.661786 0.664446 0.666307 0.943
0.661258 0.662074 0.661786 0.666063 0.666307 0.944
0.661258 0.662074 0.663259 0.666063 0.66792 0.946
0.661258 0.662074 0.663259 0.666307 0.66928 0.948
0.661258 0.662074 0.663259 0.666512 0.66928 0.95
0.662911 0.662074 0.664685 0.666512 0.66928 0.951
0.66456 0.662074 0.664685 0.666684 0.66928 0.953
0.66456 0.662074 0.664685 0.666684 0.670594 0.954
0.66456 0.662074 0.664685 0.66813 0.670876 0.957
0.66456 0.662047 0.666684 0.669526 0.670876 0.959
0.66456 0.662047 0.666815 0.669526 0.670876 0.961
0.66456 0.663721 0.666815 0.669526 0.670876 0.963
0.66456 0.663721 0.666815 0.67112 0.670876 0.965
0.66456 0.663721 0.666913 0.67112 0.670876 0.966
0.66456 0.665343 0.666913 0.67112 0.670876 0.968
0.66456 0.665343 0.666967 0.67112 0.670876 0.969
0.66456 0.665343 0.666967 0.671332 0.670876 0.97
0.66456 0.665343 0.66859 0.671332 0.670876 0.971
0.66456 0.665343 0.66859 0.671332 0.67112 0.972
0.66456 0.665343 0.670141 0.671332 0.67112 0.973
0.66456 0.665356 0.670141 0.671332 0.67112 0.974
0.66456 0.666967 0.670141 0.671332 0.67112 0.976
0.66456 0.666967 0.671643 0.671332 0.67112 0.979
0.66456 0.666967 0.671643 0.671332 0.671332 0.98
0.66456 0.666985 0.671643 0.671643 0.671332 0.983
0.66456 0.666985 0.671643 0.671747 0.671332 0.986
0.666195 0.666985 0.671643 0.671747 0.671332 0.988
0.666195 0.66859 0.671643 0.671747 0.671332 0.989
0.666195 0.670141 0.671643 0.671747 0.671332 0.991
0.667827 0.670141 0.671643 0.671747 0.671332 0.993
0.667827 0.671747 0.671643 0.671747 0.671332 0.997
0.667827 0.671747 0.671747 0.671747 0.671332 0.998
0.669452 0.671747 0.671747 0.671747 0.671332 1.001
0.669452 0.671747 0.671747 0.671747 0.672918 1.007
0.669452 0.671747 0.671747 0.671747 0.673095 1.01
0.669452 0.671808 0.671808 0.671747 0.673095 1.012
0.671065 0.671825 0.671808 0.671747 0.673095 1.014
0.672665 0.671825 0.671808 0.671808 0.673095 1.016
0.672665 0.671825 0.671808 0.67334 0.673095 1.019
0.674266 0.671825 0.671808 0.67334 0.673095 1.023
0.674266 0.671825 0.671808 0.67334 0.673238 1.026
0.674266 0.671825 0.671825 0.67334 0.673238 1.027
0.674266 0.671825 0.671825 0.67334 0.673398 1.028
0.674266 0.671825 0.671805 0.67334 0.673398 1.032
0.674266 0.671825 0.67342 0.67334 0.673398 1.034
0.674266 0.671825 0.67342 0.673398 0.673398 1.035
0.674266 0.671805 0.67342 0.673398 0.673398 1.036
0.674266 0.671746 0.67342 0.673398 0.673398 1.038
0.674266 0.671746 0.67342 0.673398 0.67342 1.044
0.674266 0.67164 0.67342 0.673398 0.674983 1.048
0.674266 0.67164 0.67342 0.67342 0.674983 1.051
0.674266 0.673343 0.67342 0.67342 0.674983 1.053
0.674266 0.673343 0.67342 0.673405 0.674983 1.057
0.674266 0.673343 0.67342 0.67501 0.674983 1.06
0.674266 0.673343 0.673405 0.67501 0.674983 1.063
0.674266 0.673343 0.673343 0.67501 0.674983 1.068
0.674266 0.673343 0.674991 0.67501 0.674983 1.076
0.675847 0.673343 0.674991 0.67501 0.676495 1.08
0.675847 0.673343 0.674991 0.67501 0.676562 1.081
0.675847 0.673343 0.674991 0.67501 0.678065 1.084
0.675847 0.673343 0.674934 0.67501 0.678065 1.086
0.675847 0.673343 0.674934 0.67501 0.67813 1.087
0.675847 0.673343 0.674934 0.674991 0.67813 1.089
0.675847 0.673343 0.674934 0.676586 0.67813 1.092
0.675847 0.674991 0.674934 0.676586 0.678158 1.095
0.675847 0.674934 0.674837 0.67813 0.678158 1.096
0.675847 0.674934 0.674837 0.678158 0.679689 1.097
0.675847 0.674837 0.674837 0.678158 0.679689 1.098
0.675847 0.674692 0.674837 0.678158 0.679689 1.1
0.675847 0.674692 0.674837 0.678158 0.68117 1.101
0.675847 0.674692 0.674837 0.678158 0.681244 1.102
0.675847 0.674692 0.674837 0.678149 0.682714 1.103
0.675847 0.674692 0.676519 0.678149 0.682714 1.109
0.675847 0.674692 0.676519 0.679722 0.682714 1.11
0.675847 0.674692 0.676419 0.679722 0.682785 1.112
0.675847 0.674692 0.678093 0.679722 0.682785 1.113
0.675847 0.674692 0.678093 0.681274 0.682785 1.114
0.675847 0.674692 0.678093 0.682785 0.682785 1.115
0.677431 0.674692 0.678093 0.682785 0.682785 1.123
0.677431 0.674692 0.678093 0.682785 0.682811 1.124
0.677431 0.674692 0.67971 0.682785 0.682811 1.127
0.677431 0.676419 0.679651 0.682811 0.682811 1.129
0.677431 0.676419 0.681258 0.682811 0.682811 1.131
0.677431 0.676419 0.682811 0.682811 0.682811 1.132
0.677431 0.679651 0.682811 0.682811 0.682811 1.133
0.677431 0.679651 0.682811 0.682807 0.682807 1.135
0.677431 0.679651 0.682811 0.682807 0.684349 1.136
0.677431 0.679651 0.682807 0.682807 0.684349 1.142
0.677431 0.67956 0.682807 0.682807 0.687271 1.146
0.677431 0.679413 0.682807 0.682807 0.687271 1.147
0.677431 0.679413 0.682807 0.684349 0.687271 1.149
0.677431 0.68111 0.682807 0.684349 0.687271 1.151
0.677431 0.68275 0.682807 0.684349 0.687271 1.153
0.677431 0.68266 0.682807 0.684349 0.68734 1.155
0.678998 0.68266 0.682807 0.684349 0.68734 1.158
0.678998 0.68266 0.682807 0.687271 0.68734 1.159
0.678998 0.68266 0.682807 0.68734 0.68734 1.163
0.678998 0.68266 0.684349 0.68734 0.68734 1.166
0.678998 0.68266 0.684334 0.68734 0.68734 1.173
0.678998 0.68266 0.68738 0.68734 0.68734 1.177
0.678998 0.68266 0.68738 0.68734 0.68738 1.179
0.680561 0.68266 0.68738 0.68734 0.68738 1.18
0.682109 0.68266 0.68738 0.68734 0.68738 1.182
0.682109 0.682522 0.68738 0.68734 0.68738 1.183
0.682109 0.684196 0.68738 0.68734 0.68738 1.187
0.682109 0.684196 0.68738 0.68738 0.68738 1.191
0.682109 0.684062 0.68738 0.68738 0.68738 1.192
0.682109 0.684062 0.68738 0.68738 0.688846 1.194
0.682109 0.68733 0.68738 0.68738 0.688846 1.198
0.682109 0.68733 0.68738 0.687374 0.690258 1.201
0.682109 0.687238 0.68738 0.687374 0.690336 1.203
0.682109 0.687105 0.68738 0.687374 0.690336 1.205
0.682109 0.687105 0.687374 0.687374 0.690336 1.206
0.682109 0.687105 0.687374 0.688883 0.693085 1.207
0.682109 0.687105 0.687374 0.690336 0.693085 1.215
0.682109 0.687105 0.687374 0.690377 0.693085 1.216
0.68365 0.687105 0.68733 0.690377 0.693085 1.217
0.68365 0.687105 0.68733 0.693207 0.693085 1.221
0.68365 0.687105 0.688881 0.693207 0.694381 1.226
0.686694 0.687105 0.688881 0.693207 0.694381 1.229
0.686694 0.687105 0.688833 0.693207 0.694542 1.232
0.686694 0.687105 0.690372 0.693207 0.694542 1.233
0.686694 0.687105 0.690372 0.693285 0.694542 1.236
0.686694 0.687105 0.693285 0.694661 0.694542 1.24
0.686694 0.687105 0.693285 0.694661 0.695827 1.245
0.686694 0.688609 0.693285 0.694661 0.695827 1.247
0.686694 0.690237 0.693285 0.694661 0.695827 1.248
0.686694 0.691809 0.693285 0.694661 0.695827 1.255
0.686694 0.691809 0.693327 0.694661 0.695985 1.257
0.686694 0.691809 0.693327 0.695985 0.696108 1.258
0.686694 0.691809 0.694744 0.695985 0.696108 1.259
0.686694 0.691809 0.694744 0.695985 0.696187 1.261
0.686694 0.694783 0.694744 0.695985 0.696187 1.262
0.686694 0.694783 0.696187 0.695985 0.696187 1.267
0.686694 0.694783 0.696187 0.695985 0.697537 1.268
0.686694 0.69623 0.696187 0.695985 0.697537 1.269
0.686694 0.69623 0.696187 0.696187 0.697537 1.271
0.688208 0.69623 0.696187 0.696187 0.697537 1.279
0.689704 0.69623 0.696187 0.696187 0.697537 1.28
0.689704 0.697621 0.696187 0.696187 0.697537 1.281
0.689704 0.697621 0.696187 0.697537 0.697537 1.282
0.689704 0.697667 0.696187 0.697537 0.697537 1.284
0.691194 0.697667 0.696187 0.697537 0.697537 1.287
0.691194 0.697667 0.696187 0.697621 0.697621 1.293
0.694139 0.697667 0.696187 0.697621 0.697621 1.294
0.694139 0.697667 0.69623 0.697621 0.697621 1.295
0.694139 0.697668 0.696235 0.697621 0.697621 1.301
0.695595 0.697668 0.697667 0.697667 0.698959 1.302
0.695595 0.69763 0.697667 0.697667 0.698959 1.308
0.698466 0.697552 0.697667 0.697667 0.698959 1.31
0.699887 0.697552 0.697667 0.697667 0.698959 1.314
0.699887 0.697552 0.697668 0.697667 0.699047 1.316
0.699887 0.697552 0.697668 0.699047 0.699047 1.317
0.699887 0.697552 0.697668 0.699047 0.69909 1.318
0.699887 0.697552 0.697668 0.699047 0.700455 1.319
0.699887 0.700474 0.697668 0.699047 0.700502 1.325
0.699887 0.700474 0.697668 0.69909 0.700502 1.326
0.699887 0.700474 0.697668 0.700455 0.700502 1.334
0.699887 0.700474 0.69763 0.700455 0.700502 1.335
0.699887 0.700474 0.699095 0.700455 0.700502 1.337
0.699887 0.700474 0.699095 0.700502 0.700502 1.338
0.699887 0.700474 0.699095 0.700502 0.701855 1.342
0.699887 0.700474 0.699095 0.700502 0.701907 1.345
0.699887 0.700396 0.699095 0.700502 0.701907 1.347
0.699887 0.700396 0.699095 0.700502 0.704528 1.353
0.699887 0.700396 0.700502 0.700502 0.704528 1.355
0.699887 0.700396 0.700502 0.701855 0.704528 1.358
0.699887 0.700396 0.700502 0.701907 0.704528 1.359
0.699887 0.701879 0.700512 0.701907 0.704528 1.361
0.699887 0.701879 0.700512 0.701912 0.704528 1.362
0.699887 0.701879 0.700474 0.701912 0.704528 1.367
0.699887 0.701879 0.700474 0.704617 0.704528 1.369
0.699887 0.701879 0.700474 0.704617 0.704617 1.371
0.699887 0.701879 0.701879 0.704617 0.704617 1.372
0.699887 0.701797 0.701879 0.704617 0.704617 1.376
0.699887 0.701797 0.703264 0.704617 0.704617 1.378
0.699887 0.703264 0.703264 0.704617 0.704617 1.379
0.699887 0.703264 0.703264 0.70598 0.704617 1.382
0.699887 0.703264 0.704675 0.70598 0.704617 1.389
0.699887 0.703264 0.706028 0.70598 0.704617 1.39
0.699887 0.703264 0.706028 0.70598 0.70598 1.391
0.7013 0.703264 0.706028 0.70598 0.70598 1.396
0.7013 0.703264 0.706028 0.70598 0.706028 1.4
0.7013 0.703187 0.706028 0.70598 0.706028 1.404
0.702694 0.704642 0.706028 0.70598 0.706028 1.414
0.702694 0.706037 0.706028 0.706028 0.706028 1.415
0.702694 0.706037 0.706037 0.706028 0.706028 1.423
0.702694 0.706037 0.706037 0.706037 0.706028 1.437
0.702694 0.706037 0.706037 0.706037 0.707323 1.442
0.702694 0.706037 0.706037 0.706037 0.707375 1.444
0.702694 0.706037 0.706037 0.706037 0.708658 1.445
0.702694 0.706008 0.706037 0.706037 0.708658 1.446
0.702694 0.70582 0.706037 0.706037 0.708658 1.45
0.705445 0.70582 0.706037 0.706037 0.708658 1.451
0.705445 0.70582 0.706008 0.707375 0.708658 1.459
0.705445 0.70582 0.706008 0.707375 0.709883 1.46
0.705445 0.70582 0.706008 0.708658 0.709883 1.462
0.705445 0.70582 0.706008 0.708658 0.70998 1.463
0.705445 0.70582 0.706008 0.708714 0.70998 1.465
0.705445 0.70582 0.705939 0.708714 0.70998 1.467
0.705445 0.70582 0.70582 0.708714 0.70998 1.47
0.705445 0.70582 0.70582 0.708714 0.71119 1.475
0.705445 0.70582 0.70582 0.708714 0.711291 1.476
0.705445 0.70582 0.70582 0.70998 0.711291 1.477
0.705445 0.70582 0.70582 0.710041 0.711291 1.479
0.705445 0.70582 0.707291 0.710041 0.711291 1.481
0.705445 0.70582 0.708703 0.710041 0.711291 1.484
0.705445 0.70582 0.708703 0.710041 0.712583 1.486
0.705445 0.70582 0.708703 0.710054 0.712583 1.49
0.705445 0.70582 0.708703 0.711347 0.712583 1.492
0.705445 0.70582 0.710054 0.711347 0.714887 1.499
0.705445 0.70582 0.710054 0.712583 0.714887 1.503
0.705445 0.707291 0.710054 0.712583 0.714887 1.508
0.705445 0.708703 0.710021 0.712583 0.714887 1.511
0.705445 0.708703 0.711357 0.712583 0.714887 1.514
0.705445 0.708703 0.711357 0.71502 0.714887 1.516
0.705445 0.708703 0.711357 0.71502 0.716128 1.52
0.705445 0.710054 0.712635 0.71502 0.716128 1.526
0.705445 0.710021 0.712635 0.71502 0.716128 1.528
0.705445 0.710021 0.712635 0.71502 0.717178 1.529
0.705445 0.710021 0.712657 0.71502 0.717178 1.53
0.705445 0.709956 0.712657 0.71502 0.717178 1.536
0.705445 0.709841 0.712657 0.716128 0.717178 1.538
0.705445 0.709841 0.715125 0.716128 0.717178 1.539
0.705445 0.711266 0.715125 0.716128 0.717178 1.542
0.705445 0.711266 0.715185 0.716273 0.717363 1.543
0.705445 0.711155 0.715185 0.716273 0.717363 1.544
0.706801 0.711155 0.715185 0.716273 0.717363 1.546
0.706801 0.711155 0.715185 0.717363 0.717363 1.547
0.708147 0.711155 0.715185 0.717363 0.717363 1.549
0.708147 0.711155 0.715185 0.717363 0.718398 1.552
0.708147 0.712566 0.715185 0.717363 0.718398 1.553
0.708147 0.712566 0.715185 0.717504 0.718398 1.554
0.708147 0.712566 0.715185 0.717504 0.719377 1.555
0.708147 0.712451 0.715207 0.717504 0.719377 1.556
0.708147 0.712451 0.715207 0.717504 0.720557 1.559
0.708147 0.712451 0.715207 0.717609 0.720557 1.56
0.708147 0.712451 0.716438 0.717609 0.720557 1.561
0.708147 0.712451 0.716438 0.717669 0.721464 1.564
0.709473 0.712451 0.716438 0.717669 0.721464 1.565
0.709473 0.715181 0.716438 0.717669 0.721464 1.567
0.709473 0.715181 0.716455 0.717669 0.721464 1.568
0.709473 0.715181 0.717669 0.718825 0.721464 1.57
0.709473 0.715181 0.717669 0.719921 0.721464 1.572
0.709473 0.715181 0.717669 0.719921 0.721724 1.574
0.709473 0.715181 0.717669 0.719921 0.722613 1.575
0.709473 0.715115 0.717669 0.72096 0.722613 1.577
0.710787 0.715115 0.71769 0.72096 0.723446 1.581
0.710787 0.715115 0.71769 0.721942 0.723739 1.582
0.710787 0.715115 0.71769 0.721942 0.723998 1.586
0.710787 0.715115 0.717672 0.722126 0.723998 1.588
0.710787 0.716434 0.717672 0.722126 0.723998 1.589
0.712091 0.716371 0.717672 0.723091 0.723998 1.593
0.712091 0.716371 0.718913 0.723091 0.723998 1.594
0.712091 0.716259 0.720093 0.723091 0.724224 1.596
0.712091 0.717605 0.720093 0.723998 0.724408 1.599
0.712091 0.717605 0.721213 0.724224 0.724408 1.601
0.712091 0.717605 0.722275 0.724224 0.724408 1.606
0.714646 0.717605 0.722275 0.724224 0.724408 1.607
0.714646 0.717605 0.722379 0.724224 0.724408 1.612
0.714646 0.717605 0.722379 0.724408 0.724408 1.614
0.714646 0.717497 0.722379 0.724408 0.725335 1.615
0.714646 0.717497 0.722445 0.724408 0.725335 1.616
0.714646 0.717497 0.723531 0.724408 0.725335 1.617
0.714646 0.718828 0.723531 0.724408 0.725335 1.622
0.714646 0.718828 0.724556 0.724408 0.727018 1.623
0.714646 0.720095 0.724556 0.724408 0.727018 1.625
0.714646 0.720036 0.724556 0.724408 0.727018 1.627
0.715906 0.721286 0.724556 0.724408 0.727018 1.63
0.715906 0.721286 0.724556 0.725335 0.727018 1.634
0.715906 0.722474 0.724556 0.725335 0.727281 1.635
0.717143 0.722474 0.724556 0.725335 0.727281 1.64
0.717143 0.722474 0.724556 0.727018 0.727281 1.642
0.717143 0.722474 0.724556 0.727018 0.728074 1.644
0.717143 0.722454 0.724556 0.727018 0.728074 1.645
0.717143 0.723625 0.724556 0.727018 0.728074 1.646
0.717143 0.724733 0.724556 0.727018 0.728074 1.652
0.717143 0.724733 0.724556 0.727281 0.728074 1.653
0.717143 0.724733 0.724556 0.727281 0.728809 1.658
0.717143 0.724733 0.725522 0.727281 0.728809 1.659
0.717143 0.724733 0.725522 0.728074 0.728809 1.663
0.718368 0.724733 0.725674 0.728074 0.728809 1.664
0.718368 0.724733 0.725674 0.72834 0.728809 1.665
0.718368 0.724733 0.725674 0.72834 0.72949 1.666
0.719579 0.724733 0.72751 0.72834 0.72949 1.667
0.719579 0.724733 0.72751 0.72834 0.729829 1.669
0.720769 0.724733 0.72751 0.72834 0.730822 1.671
0.720769 0.724733 0.72751 0.728565 0.730822 1.672
0.720769 0.724761 0.72751 0.728565 0.730822 1.675
0.721944 0.724761 0.72751 0.729375 0.730822 1.676
0.721944 0.724761 0.727848 0.729375 0.730822 1.678
0.721944 0.724761 0.727848 0.729375 0.731798 1.682
0.721944 0.724761 0.727848 0.729375 0.732414 1.684
0.721944 0.724761 0.727848 0.730128 0.732414 1.685
0.721944 0.724761 0.727848 0.730393 0.732414 1.687
0.723105 0.724761 0.728755 0.730393 0.733349 1.688
0.723105 0.725882 0.728755 0.730393 0.733349 1.689
0.723105 0.725882 0.728755 0.731125 0.733349 1.69
0.723105 0.725882 0.72891 0.731125 0.733349 1.691
0.723105 0.725882 0.72891 0.731125 0.733885 1.693
0.724243 0.725882 0.72891 0.731125 0.733885 1.695
0.724243 0.728031 0.72891 0.731125 0.733885 1.697
0.724243 0.728031 0.72891 0.732369 0.733885 1.701
0.724243 0.728031 0.729947 0.732369 0.733885 1.702
0.724243 0.728061 0.730061 0.733326 0.733885 1.704
0.724243 0.728061 0.730061 0.733326 0.734257 1.705
0.724243 0.728061 0.730061 0.733326 0.734907 1.706
0.724243 0.728061 0.730061 0.733992 0.734907 1.707
0.724243 0.728052 0.730061 0.733992 0.735174 1.708
0.724243 0.728052 0.730969 0.734264 0.735174 1.711
0.724243 0.727994 0.730969 0.734907 0.736353 1.712
0.724243 0.727994 0.731815 0.734907 0.736353 1.716
0.724243 0.727994 0.731815 0.734907 0.736852 1.717
0.724243 0.729067 0.731973 0.734907 0.736852 1.718
0.724243 0.728962 0.731973 0.735174 0.736852 1.72
0.724243 0.728962 0.732085 0.735174 0.736852 1.722
0.724243 0.728962 0.732085 0.735174 0.737204 1.724
0.724243 0.728962 0.732085 0.735416 0.737204 1.725
0.724243 0.728962 0.733074 0.735416 0.737204 1.727
0.724243 0.728962 0.733917 0.735416 0.737204 1.73
0.724243 0.728962 0.733917 0.736073 0.737204 1.731
0.725375 0.728962 0.733917 0.736936 0.737204 1.732
0.725375 0.730105 0.734698 0.736936 0.737204 1.733
0.725375 0.730105 0.734698 0.737507 0.737204 1.737
0.725375 0.730105 0.735416 0.737507 0.737204 1.738
0.727565 0.730105 0.735416 0.737507 0.737204 1.74
0.727565 0.731184 0.735416 0.737507 0.737204 1.742
0.727565 0.731184 0.735416 0.737507 0.737507 1.744
0.727565 0.731137 0.735607 0.737507 0.737507 1.746
0.727565 0.732194 0.735607 0.737507 0.737507 1.747
0.727565 0.732194 0.735771 0.737507 0.737786 1.75
0.727565 0.732194 0.735889 0.737507 0.737786 1.753
0.727565 0.732194 0.735889 0.737507 0.738607 1.755
0.727565 0.732194 0.735889 0.737786 0.738607 1.757
0.727565 0.733185 0.737375 0.738223 0.738607 1.758
0.727565 0.733185 0.737375 0.738223 0.738847 1.76
0.727565 0.734111 0.737375 0.738223 0.738847 1.761
0.728631 0.734111 0.737375 0.738223 0.738847 1.762
0.728631 0.734973 0.738022 0.738223 0.739213 1.764
0.728631 0.735051 0.738022 0.738223 0.739213 1.766
0.728631 0.735889 0.738022 0.738223 0.739213 1.769
0.728631 0.73597 0.738022 0.738223 0.739213 1.771
0.728631 0.73597 0.738223 0.739052 0.739213 1.772
0.728631 0.73597 0.738223 0.739052 0.739849 1.775
0.728631 0.73597 0.738223 0.739213 0.739849 1.776
0.72968 0.73597 0.738223 0.739213 0.739849 1.777
0.730714 0.73597 0.738223 0.739213 0.739849 1.786
0.730714 0.73597 0.738389 0.739213 0.739849 1.787
0.730714 0.736786 0.738389 0.739213 0.739849 1.789
0.730714 0.737537 0.738389 0.739213 0.739849 1.79
0.731721 0.737537 0.738389 0.739213 0.739849 1.792
0.731721 0.738223 0.738389 0.739849 0.739849 1.795
0.731721 0.738223 0.738593 0.739849 0.739849 1.798
0.731721 0.738223 0.739337 0.739849 0.739849 1.799
0.731721 0.738389 0.739337 0.739849 0.739849 1.801
0.732709 0.738389 0.739337 0.739849 0.739849 1.804
0.73368 0.73851 0.739337 0.739849 0.740013 1.806
0.734623 0.73851 0.739337 0.739849 0.740013 1.809
0.735556 0.738593 0.739337 0.739849 0.740013 1.815
0.735556 0.738593 0.739423 0.739849 0.740141 1.817
0.735556 0.738593 0.739423 0.739849 0.740792 1.818
0.735556 0.738593 0.740141 0.740013 0.740792 1.822
0.735556 0.738593 0.740141 0.740141 0.740792 1.824
0.735556 0.738637 0.740222 0.740141 0.740792 1.83
0.735556 0.738637 0.740222 0.740141 0.740914 1.831
0.735556 0.739423 0.740222 0.740141 0.740914 1.832
0.736459 0.739423 0.740222 0.740141 0.740914 1.835
0.737335 0.739423 0.740222 0.740141 0.740914 1.836
0.737335 0.739462 0.740222 0.740141 0.740914 1.838
0.737335 0.739462 0.740222 0.740792 0.740914 1.839
0.738188 0.739462 0.740222 0.740792 0.740914 1.841
0.738188 0.739471 0.740222 0.740792 0.74154 1.846
0.738188 0.739471 0.740274 0.741008 0.74154 1.849
0.738188 0.739429 0.740274 0.741008 0.74154 1.852
0.738188 0.739429 0.740274 0.741008 0.742273 1.854
0.738188 0.740277 0.740274 0.741008 0.742273 1.855
0.738188 0.740277 0.740274 0.741008 0.742402 1.861
0.738188 0.740277 0.740274 0.741008 0.742485 1.866
0.738188 0.740277 0.741008 0.741675 0.742485 1.867
0.738188 0.740277 0.741008 0.741675 0.743097 1.869
0.738188 0.740277 0.741008 0.741763 0.743097 1.872
0.738188 0.740277 0.741008 0.742402 0.743097 1.875
0.739022 0.740277 0.741008 0.742402 0.743097 1.879
0.739022 0.74023 0.741008 0.742485 0.743097 1.881
0.739022 0.74023 0.741054 0.743097 0.743097 1.89
0.739022 0.74023 0.741763 0.743097 0.743097 1.896
0.739022 0.74023 0.741763 0.743097 0.74364 1.899
0.739022 0.741051 0.741763 0.743097 0.74364 1.9
0.739833 0.741051 0.742402 0.743097 0.74364 1.903
0.739833 0.741051 0.742485 0.743097 0.74364 1.908
0.739833 0.741051 0.742529 0.743097 0.74364 1.916
0.739833 0.741051 0.743183 0.743097 0.74364 1.919
0.739833 0.741051 0.743183 0.74364 0.74364 1.921
0.739833 0.741051 0.743183 0.74364 0.743767 1.924
0.739833 0.741051 0.743183 0.74364 0.743857 1.928
0.739833 0.741804 0.743183 0.74364 0.744413 1.93
0.739833 0.741804 0.743183 0.743767 0.744413 1.934
0.739833 0.741804 0.743183 0.743767 0.744898 1.937
0.739833 0.742533 0.743183 0.743767 0.744898 1.938
0.739833 0.742533 0.743183 0.743767 0.745129 1.944
0.739833 0.742533 0.743183 0.743908 0.745129 1.945
0.740622 0.742533 0.743183 0.743908 0.745129 1.949
0.740622 0.742533 0.743767 0.743908 0.745129 1.95
0.740622 0.742533 0.743767 0.743908 0.745626 1.951
0.740622 0.742533 0.743767 0.744506 0.745626 1.952
0.740622 0.74323 0.743767 0.744506 0.745626 1.953
0.740622 0.74323 0.743767 0.745032 0.745626 1.959
0.740622 0.74323 0.743857 0.745032 0.745626 1.96
0.740622 0.74323 0.743908 0.745032 0.745626 1.962
0.740622 0.74323 0.743919 0.745129 0.745626 1.965
0.740622 0.74323 0.743919 0.745626 0.745626 1.973
0.740622 0.743238 0.743919 0.745626 0.745626 1.974
0.740622 0.743238 0.743919 0.745626 0.74605 1.976
0.740622 0.743238 0.74388 0.745626 0.746404 1.978
0.741379 0.743238 0.74388 0.745626 0.746404 1.979
0.741379 0.743238 0.744566 0.745626 0.746404 1.982
0.741379 0.743238 0.744566 0.745626 0.746687 1.983
0.741379 0.743908 0.744566 0.745626 0.746687 1.985
0.741379 0.743919 0.744566 0.745626 0.746687 1.986
0.742113 0.743919 0.744566 0.745626 0.746687 1.987
0.742113 0.74388 0.744566 0.745626 0.746687 1.988
0.742113 0.74388 0.745178 0.745626 0.746687 1.989
0.742113 0.74388 0.745178 0.74605 0.746898 1.999
0.742113 0.74388 0.745178 0.746576 0.746898 2.001
0.742822 0.74388 0.745716 0.746576 0.746898 2.003
0.742822 0.74388 0.745716 0.746576 0.747148 2.004
0.742822 0.74388 0.745716 0.746898 0.747148 2.005
0.742822 0.74388 0.745716 0.746898 0.747363 2.006
0.742822 0.74388 0.745716 0.747074 0.74758 2.015
0.742822 0.744566 0.745716 0.747074 0.74758 2.018
0.742822 0.745178 0.745716 0.747074 0.74758 2.025
0.742822 0.745178 0.745716 0.747363 0.74758 2.027
0.742822 0.745178 0.746182 0.747363 0.74758 2.029
0.742822 0.745178 0.746182 0.747363 0.747724 2.03
0.742822 0.745178 0.746576 0.747363 0.747724 2.031
0.742822 0.745178 0.746576 0.747363 0.747981 2.032
0.743498 0.745178 0.746898 0.747363 0.747981 2.036
0.743498 0.745178 0.747074 0.74758 0.747981 2.038
0.743498 0.745716 0.747074 0.74758 0.747981 2.039
0.743498 0.745716 0.747074 0.74758 0.74809 2.043
0.743498 0.745716 0.747074 0.74758 0.748415 2.044
0.743498 0.745716 0.747074 0.747724 0.748415 2.053
0.743498 0.745716 0.747074 0.747981 0.748415 2.054
0.743498 0.745716 0.747074 0.747981 0.748669 2.056
0.743498 0.745768 0.747213 0.747981 0.748669 2.057
0.743498 0.745768 0.747542 0.747981 0.748669 2.058
0.743498 0.745768 0.747542 0.748193 0.748706 2.063
0.743498 0.746277 0.747542 0.748556 0.748706 2.066
0.743498 0.746859 0.747542 0.748669 0.748706 2.068
0.74415 0.746859 0.747798 0.748669 0.748706 2.069
0.74415 0.747357 0.747798 0.748888 0.748706 2.072
0.744774 0.747357 0.747798 0.748888 0.748706 2.077
0.744774 0.747357 0.747971 0.748888 0.748706 2.078
0.744774 0.747357 0.747971 0.748888 0.748963 2.08
0.744774 0.747357 0.747971 0.748888 0.749186 2.083
0.744774 0.747357 0.748193 0.748888 0.749363 2.085
0.744774 0.747357 0.748509 0.748963 0.749363 2.087
0.745373 0.747357 0.748509 0.749186 0.749363 2.091
0.745373 0.747371 0.748509 0.749186 0.749363 2.094
0.745373 0.747827 0.748509 0.749186 0.749363 2.095
0.745373 0.747843 0.748509 0.749186 0.749503 2.096
0.745373 0.747843 0.748736 0.749186 0.749503 2.098
0.745373 0.747843 0.748888 0.749186 0.749503 2.099
0.745373 0.747809 0.748888 0.749186 0.749503 2.1
0.745373 0.747809 0.748888 0.749363 0.749503 2.102
0.745373 0.747734 0.748888 0.749363 0.749503 2.104
0.745373 0.748246 0.748888 0.749503 0.749503 2.106
0.745373 0.748246 0.749071 0.749503 0.749503 2.11
0.745373 0.748246 0.749071 0.749606 0.749503 2.117
0.745935 0.748246 0.749071 0.749606 0.749503 2.118
0.745935 0.748246 0.749186 0.749659 0.749503 2.119
0.745935 0.748246 0.749186 0.749659 0.749764 2.12
0.746469 0.748173 0.749186 0.749659 0.749843 2.121
0.746469 0.748651 0.749186 0.749659 0.749843 2.122
0.746469 0.748651 0.749186 0.749659 0.749981 2.124
0.746975 0.748651 0.749186 0.749659 0.749981 2.126
0.746975 0.748651 0.749186 0.749659 0.750021 2.128
0.746975 0.748651 0.749363 0.749659 0.750021 2.129
0.746975 0.748651 0.749503 0.749659 0.750021 2.131
0.746975 0.748651 0.749503 0.749683 0.750021 2.134
0.746975 0.749049 0.749503 0.749683 0.750021 2.136
0.746975 0.749367 0.749503 0.749683 0.750171 2.137
0.746975 0.749367 0.749659 0.749683 0.750171 2.142
0.746975 0.749367 0.749659 0.749927 0.750171 2.144
0.746975 0.749367 0.749659 0.75009 0.750171 2.146
0.747441 0.749367 0.749683 0.75009 0.750171 2.148
0.747441 0.749367 0.749683 0.750171 0.750171 2.152
0.747441 0.749367 0.749683 0.750171 0.750171 2.153
0.747441 0.749606 0.749683 0.750171 0.750315 2.157
0.747888 0.749606 0.749683 0.750171 0.750315 2.16
0.747888 0.749659 0.749683 0.750171 0.750315 2.161
0.747888 0.749683 0.749683 0.750171 0.750315 2.162
0.747888 0.749683 0.749683 0.750171 0.750421 2.174
0.748294 0.749683 0.749683 0.750171 0.750421 2.176
0.748294 0.749683 0.749927 0.750171 0.750421 2.177
0.748294 0.749683 0.75009 0.750171 0.750421 2.179
0.748294 0.749656 0.75009 0.750315 0.750421 2.18
0.748294 0.749587 0.75009 0.750315 0.750421 2.184
0.748294 0.749587 0.750171 0.750315 0.750421 2.185
0.748294 0.749587 0.750274 0.750315 0.750421 2.187
0.748668 0.749587 0.750274 0.750315 0.750421 2.19
0.748668 0.749587 0.750274 0.750315 0.750521 2.191
0.749 0.749587 0.750274 0.750315 0.750521 2.192
0.749 0.749587 0.750274 0.750315 0.750479 2.193
0.749 0.749587 0.750274 0.750479 0.750479 2.194
0.749 0.749587 0.750338 0.750479 0.750479 2.205
0.749 0.749587 0.750352 0.750479 0.750479 2.207
0.749 0.749587 0.750352 0.750479 0.750581 2.208
0.749 0.749587 0.750479 0.750479 0.750496 2.21
0.749 0.749587 0.750479 0.750496 0.750496 2.211
0.749299 0.749587 0.750479 0.750612 0.750496 2.212
0.749299 0.749921 0.750479 0.750612 0.750496 2.216
0.749299 0.750141 0.750496 0.750655 0.750612 2.218
0.749299 0.750141 0.750496 0.750669 0.750612 2.219
0.749299 0.750141 0.750496 0.750669 0.750669 2.221
0.749299 0.750352 0.750496 0.750669 0.750669 2.224
0.749299 0.750352 0.750482 0.750669 0.750669 2.231
0.749299 0.750325 0.750482 0.750669 0.750669 2.233
0.749299 0.750325 0.750482 0.750669 0.750582 2.235
0.749299 0.750266 0.750482 0.750669 0.750582 2.239
0.749299 0.750266 0.750582 0.750669 0.750582 2.246
0.749299 0.750482 0.750582 0.750669 0.750582 2.25
0.749299 0.750482 0.750669 0.750669 0.750652 2.251
0.749299 0.750482 0.750669 0.750582 0.750652 2.261
0.749299 0.750407 0.750669 0.750582 0.750652 2.266
0.749299 0.750407 0.750669 0.750582 0.750652 2.269
0.749299 0.750407 0.750669 0.750652 0.750652 2.27
0.749573 0.750407 0.750669 0.750652 0.750652 2.273
0.749793 0.750407 0.750669 0.750652 0.750652 2.274
0.749987 0.750298 0.750669 0.750652 0.750652 2.281
0.749987 0.750519 0.750669 0.750652 0.750652 2.286
0.749987 0.750519 0.750669 0.750652 0.750652 2.287
0.749987 0.750403 0.750669 0.750652 0.750652 2.289
0.749987 0.750583 0.750669 0.750652 0.750652 2.292
0.749987 0.750583 0.750582 0.750652 0.750652 2.295
0.749987 0.750583 0.750652 0.750652 0.750652 2.297
0.749987 0.750583 0.750672 0.750672 0.750652 2.299
0.750134 0.750583 0.750672 0.750652 0.750652 2.308
0.750134 0.750672 0.750672 0.750652 0.750652 2.31
0.750134 0.750672 0.750652 0.750652 0.750652 2.317
0.750134 0.750672 0.750652 0.750652 0.750606 2.324
0.750134 0.750672 0.750652 0.750652 0.750589 2.331
0.750134 0.750672 0.750589 0.750652 0.750589 2.332
0.750134 0.750589 0.750589 0.750652 0.750589 2.336
0.750134 0.750589 0.750589 0.750589 0.750589 2.338
0.750134 0.750589 0.750483 0.750589 0.750589 2.341
0.750243 0.750589 0.750483 0.750589 0.750589 2.345
0.750243 0.750483 0.750483 0.750589 0.750589 2.347
0.750243 0.750483 0.750483 0.750589 0.750529 2.349
0.750243 0.750483 0.750483 0.750589 0.750529 2.35
0.750313 0.750483 0.750483 0.750589 0.750529 2.351
0.750313 0.750483 0.750483 0.750529 0.750529 2.36
0.750343 0.750322 0.750483 0.750529 0.750529 2.369
0.750343 0.750322 0.750483 0.750529 0.750483 2.38
0.750343 0.750322 0.750483 0.750416 0.750483 2.382
0.750343 0.750322 0.750322 0.750416 0.750483 2.385
0.750343 0.750322 0.750416 0.750416 0.750483 2.386
0.750322 0.750322 0.750416 0.750416 0.750483 2.396
0.750322 0.750322 0.750416 0.750416 0.750416 2.401
0.750322 0.750322 0.750416 0.750416 0.750416 2.407
0.750322 0.750322 0.750416 0.750416 0.750306 2.417
0.750322 0.750416 0.750416 0.750416 0.750306 2.429
0.750322 0.750416 0.750416 0.750306 0.750306 2.437
0.750322 0.750416 0.750416 0.750306 0.750306 2.444
0.750322 0.750416 0.750416 0.750152 0.750306 2.453
0.750322 0.750416 0.750306 0.750152 0.750306 2.461
0.750322 0.750416 0.750306 0.750152 0.750258 2.468
0.750322 0.750416 0.750152 0.750152 0.750258 2.474
0.750322 0.750416 0.750152 0.750152 0.750152 2.488
0.750258 0.750306 0.750152 0.750152 0.750152 2.491
0.750258 0.750306 0.750152 0.750152 0.750152 2.496
0.750258 0.750152 0.750152 0.750152 0.750152 2.499
0.750258 0.750152 0.750152 0.750152 0.75 2.518
0.750258 0.750152 0.750152 0.750152 0.75 2.534
0.750258 0.750152 0.750152 0.75 0.75 2.54
0.750152 0.750152 0.750152 0.75 0.75 2.552
0.750152 0.750152 0.75 0.75 0.75 2.56
0.750152 0.750152 0.75 0.75 0.75 2.579
0.750152 0.75 0.75 0.75 0.75 2.599
0.75 0.75 0.75 0.75 0.75 2.645