0.332
0.361
0.371
0.372
0.375
0.39
0.392
0.398
0.401
0.402
0.405
0.408
0.409
0.414
0.421
0.422
0.425
0.427
0.429
0.435
0.441
0.444
0.447
0.45
0.463
0.469
0.472
0.477
0.48
0.49
0.493
0.497
0.498
0.499
0.5
0.518
0.523
0.531
0.533
0.538
0.539
0.545
0.549
0.554
0.565
0.568
0.573
0.586
0.587
0.602
0.603
0.606
0.625
0.661
0.668
0.682
0.685
0.687
0.693
0.695
0.697
0.71
0.713
0.717
0.719
0.721
0.722
0.731
0.735
0.737
0.738
0.75
0.754
0.758
0.765
0.77
0.774
0.778
0.78
0.781
0.783
0.788
0.791
0.799
0.803
0.807
0.811
0.813
0.816
0.818
0.82
0.824
0.825
0.826
0.828
0.829
0.831
0.832
0.834
0.836
0.839
0.841
0.843
0.846
0.85
0.852
0.869
0.878
0.88
0.881
0.886
0.888
0.89
0.891
0.893
0.898
0.901
0.903
0.904
0.907
0.912
0.913
0.915
0.919
0.921
0.933
0.943
0.946
0.951
0.953
0.955
0.972
0.975
0.988
0.991
0.993
1.003
1.015
1.02
1.023
1.028
1.03
1.041
1.042
1.043
1.048
1.06
1.061
1.068
1.083
1.089
1.1
1.111
1.112
1.114
1.115
1.161
1.165
1.17
1.224
1.252
1.273
1.278
1.291
1.301
1.311
1.371
1.377
1.395
1.487
1.489
1.539
1.576
1.659
1.689
1.727
1.753
1.836
1.924
2.272
2.28
2.34
2.362
2.464
