0.735247 0.75 0.75 0.75 0.75 0.332
0.717143 0.75 0.75 0.75 0.75 0.361
0.717143 0.749911 0.75 0.75 0.75 0.371
0.717143 0.749911 0.75 0.75 0.747178 0.372
0.717143 0.749911 0.75 0.75 0.742219 0.375
0.717143 0.749911 0.75 0.75 0.724627 0.39
0.717143 0.749911 0.75 0.75 0.72814 0.392
0.717143 0.749911 0.75 0.749923 0.72814 0.398
0.717143 0.749911 0.75 0.747178 0.72814 0.401
0.717143 0.749911 0.744506 0.742219 0.72814 0.402
0.717143 0.749911 0.744506 0.739612 0.72814 0.405
0.706353 0.749911 0.744506 0.739612 0.72814 0.408
0.706353 0.749911 0.744506 0.724627 0.72814 0.409
0.682109 0.749911 0.744506 0.724627 0.72814 0.414
0.655133 0.749911 0.742219 0.724627 0.72814 0.421
0.655133 0.749911 0.726841 0.719953 0.72814 0.422
0.655133 0.749911 0.727084 0.719953 0.72814 0.425
0.655133 0.742219 0.727084 0.719953 0.72814 0.427
0.655133 0.726841 0.724627 0.719953 0.72814 0.429
0.655133 0.726841 0.724627 0.719953 0.719953 0.435
0.655133 0.726841 0.710497 0.719953 0.719953 0.441
0.626165 0.726841 0.710497 0.719953 0.719953 0.444
0.626165 0.726841 0.704093 0.719953 0.719953 0.447
0.626165 0.726841 0.704093 0.719953 0.713467 0.45
0.608076 0.726841 0.704093 0.719953 0.713467 0.463
0.608076 0.726841 0.692897 0.713467 0.713467 0.469
0.608076 0.727084 0.692897 0.713467 0.713467 0.472
0.608076 0.715077 0.692897 0.713467 0.713467 0.477
0.608076 0.715077 0.692897 0.713467 0.699954 0.48
0.608076 0.710497 0.692897 0.713467 0.699954 0.49
0.608076 0.710497 0.692897 0.713467 0.692897 0.493
0.608076 0.704093 0.667569 0.713467 0.692897 0.497
0.608076 0.665658 0.667569 0.713467 0.692897 0.498
0.608076 0.662601 0.667569 0.713467 0.692897 0.499
0.608076 0.662601 0.667569 0.699954 0.692897 0.5
0.605554 0.649937 0.667569 0.699954 0.692897 0.518
0.605554 0.649937 0.655903 0.699954 0.682677 0.523
0.605554 0.649937 0.655903 0.692897 0.682677 0.531
0.601974 0.649937 0.655903 0.692897 0.682677 0.533
0.600874 0.649937 0.655903 0.692897 0.682677 0.538
0.600874 0.649937 0.655903 0.682677 0.682677 0.539
0.60022 0.649937 0.655903 0.682677 0.682677 0.545
0.60022 0.630301 0.655903 0.682677 0.682677 0.549
0.60022 0.630301 0.655903 0.682677 0.668907 0.554
0.60022 0.630301 0.655903 0.668907 0.668907 0.565
0.60022 0.630301 0.655903 0.668907 0.668907 0.568
0.60022 0.621699 0.655903 0.668907 0.668907 0.573
0.60022 0.621699 0.616134 0.668907 0.668907 0.586
0.601974 0.621699 0.616134 0.668907 0.668907 0.587
0.601974 0.607056 0.616134 0.668907 0.668907 0.602
0.603533 0.607056 0.616134 0.668907 0.668907 0.603
0.605554 0.607056 0.616134 0.668907 0.668907 0.606
0.605554 0.607056 0.607056 0.668907 0.668907 0.625
0.608076 0.607056 0.607056 0.668907 0.668907 0.661
0.608076 0.607056 0.607056 0.668907 0.669577 0.668
0.608076 0.607056 0.602408 0.668907 0.669577 0.682
0.608076 0.602408 0.602408 0.668907 0.669577 0.685
0.608076 0.602408 0.602408 0.649937 0.669577 0.687
0.608076 0.602408 0.589801 0.649937 0.669577 0.693
0.608076 0.604045 0.589801 0.649937 0.669577 0.695
0.608076 0.604045 0.589253 0.649937 0.669577 0.697
0.608076 0.604045 0.589253 0.649937 0.644088 0.71
0.608076 0.59526 0.589253 0.649937 0.644088 0.713
0.608076 0.59526 0.589253 0.649937 0.630301 0.717
0.608076 0.59526 0.589253 0.636016 0.630301 0.719
0.608076 0.589253 0.589253 0.636016 0.630301 0.721
0.608076 0.589253 0.589253 0.630301 0.630301 0.722
0.608076 0.589801 0.589253 0.630301 0.630301 0.731
0.608076 0.592553 0.589253 0.630301 0.559845 0.735
0.608076 0.592553 0.589253 0.630301 0.557565 0.737
0.608076 0.592553 0.589253 0.600905 0.557565 0.738
0.608076 0.592553 0.589253 0.600905 0.546626 0.75
0.608076 0.592553 0.589253 0.567992 0.546626 0.754
0.608076 0.594797 0.589253 0.567992 0.546626 0.758
0.608076 0.594797 0.582143 0.567992 0.546626 0.765
0.608076 0.600905 0.582143 0.567992 0.546626 0.77
0.608076 0.609116 0.582143 0.575955 0.523303 0.774
0.608076 0.609116 0.582143 0.575955 0.523686 0.778
0.608076 0.609116 0.582143 0.575955 0.534569 0.78
0.608076 0.609116 0.582143 0.524162 0.534569 0.781
0.611113 0.609116 0.582143 0.524162 0.534569 0.783
0.611113 0.609116 0.582143 0.524162 0.535301 0.788
0.626165 0.609116 0.582143 0.524162 0.535301 0.791
0.626165 0.609116 0.57415 0.524162 0.535301 0.799
0.64086 0.609116 0.57415 0.524162 0.535301 0.803
0.64086 0.609116 0.58243 0.524162 0.535301 0.807
0.64086 0.609116 0.58243 0.535301 0.535301 0.811
0.64086 0.609116 0.584281 0.535301 0.535301 0.813
0.64086 0.609116 0.584281 0.535301 0.548232 0.816
0.64086 0.609116 0.584281 0.535301 0.559845 0.818
0.64086 0.609116 0.597208 0.535301 0.559845 0.82
0.64086 0.609116 0.597208 0.535301 0.585555 0.824
0.64086 0.609116 0.597208 0.535301 0.597881 0.825
0.64086 0.609116 0.597208 0.535301 0.597208 0.826
0.64086 0.609116 0.597208 0.548232 0.597208 0.828
0.64086 0.621699 0.597208 0.548232 0.597208 0.829
0.64086 0.621699 0.597208 0.559845 0.597208 0.831
0.655133 0.621699 0.597208 0.559845 0.609735 0.832
0.655133 0.621699 0.597208 0.559845 0.621002 0.834
0.655133 0.621699 0.597208 0.559845 0.628232 0.836
0.655133 0.621699 0.597208 0.559845 0.641269 0.839
0.655133 0.621699 0.608289 0.559845 0.641269 0.841
0.655133 0.621699 0.621002 0.585555 0.641269 0.843
0.668907 0.649954 0.621002 0.585555 0.641269 0.846
0.668907 0.653783 0.621002 0.597881 0.641269 0.85
0.668907 0.653783 0.621002 0.609735 0.641269 0.852
0.668907 0.662601 0.621002 0.609735 0.641269 0.869
0.668907 0.662601 0.631565 0.609735 0.641269 0.878
0.668907 0.662601 0.641269 0.609735 0.641269 0.88
0.668907 0.662601 0.641269 0.621002 0.641269 0.881
0.668907 0.662601 0.649954 0.621002 0.641269 0.886
0.682109 0.665658 0.649954 0.621002 0.641269 0.888
0.682109 0.665658 0.649954 0.631565 0.641269 0.89
0.682109 0.665658 0.657409 0.641269 0.641269 0.891
0.682109 0.665658 0.663383 0.643928 0.662601 0.893
0.682109 0.676783 0.663383 0.643928 0.662601 0.898
0.682109 0.676783 0.663383 0.644804 0.662601 0.901
0.682109 0.676783 0.663383 0.653783 0.662601 0.903
0.682109 0.685845 0.663383 0.653783 0.662601 0.904
0.682109 0.685845 0.663383 0.653783 0.674601 0.907
0.682109 0.693652 0.663383 0.653783 0.674601 0.912
0.682109 0.693652 0.685845 0.653783 0.674601 0.913
0.682109 0.693652 0.685845 0.665658 0.674601 0.915
0.682109 0.693652 0.685845 0.665658 0.688501 0.919
0.682109 0.693652 0.696185 0.665658 0.688501 0.921
0.694621 0.693652 0.696185 0.665658 0.688501 0.933
0.694621 0.693652 0.704093 0.665658 0.688501 0.943
0.694621 0.693652 0.710497 0.674601 0.688501 0.946
0.694621 0.693652 0.710497 0.674601 0.699954 0.951
0.694621 0.693652 0.710497 0.696185 0.699954 0.953
0.694621 0.693652 0.713467 0.696185 0.699954 0.955
0.694621 0.693652 0.713467 0.696185 0.710497 0.972
0.706353 0.699954 0.713467 0.696185 0.710497 0.975
0.706353 0.704452 0.713467 0.696185 0.710497 0.988
0.706353 0.704452 0.713467 0.705457 0.710497 0.991
0.706353 0.704452 0.713467 0.710497 0.710497 0.993
0.706353 0.704452 0.719953 0.710497 0.710497 1.003
0.706353 0.710497 0.719953 0.710497 0.710497 1.015
0.706353 0.710497 0.719953 0.710497 0.719953 1.02
0.706353 0.715077 0.719953 0.710497 0.719953 1.023
0.706353 0.715077 0.719953 0.710497 0.72814 1.028
0.706353 0.715077 0.719953 0.710497 0.73479 1.03
0.706353 0.724627 0.719953 0.710497 0.73479 1.041
0.706353 0.724627 0.719953 0.719953 0.73479 1.042
0.706353 0.724627 0.72814 0.719953 0.73479 1.043
0.706353 0.727084 0.72814 0.72814 0.73479 1.048
0.706353 0.727084 0.73479 0.72814 0.73479 1.06
0.706353 0.732884 0.73479 0.72814 0.73479 1.061
0.706353 0.735419 0.73479 0.72814 0.73479 1.068
0.706353 0.735419 0.73479 0.73479 0.73479 1.083
0.717143 0.735419 0.73479 0.73479 0.73479 1.089
0.717143 0.735419 0.739612 0.73479 0.73479 1.1
0.717143 0.735419 0.739612 0.739612 0.73479 1.111
0.717143 0.735419 0.739612 0.739612 0.739612 1.112
0.726841 0.735419 0.739612 0.739612 0.739612 1.114
0.726841 0.739612 0.739612 0.739612 0.739612 1.115
0.726841 0.742219 0.739612 0.739612 0.739612 1.161
0.735247 0.742219 0.739612 0.739612 0.739612 1.165
0.735247 0.742219 0.742219 0.739612 0.739612 1.17
0.742113 0.742219 0.742219 0.739612 0.739612 1.224
0.742113 0.742219 0.742219 0.742219 0.739612 1.252
0.742113 0.742219 0.742219 0.742219 0.742219 1.273
0.742113 0.742219 0.742113 0.742219 0.742219 1.278
0.742113 0.742219 0.742113 0.742219 0.747178 1.291
0.742113 0.742113 0.742113 0.742219 0.747178 1.301
0.742113 0.742113 0.742113 0.747178 0.747178 1.311
0.742113 0.742113 0.747133 0.747178 0.747133 1.371
0.742113 0.742113 0.747133 0.747178 0.749911 1.377
0.742113 0.742113 0.747133 0.747133 0.749911 1.395
0.742113 0.747133 0.747133 0.747133 0.749911 1.487
0.742113 0.747133 0.747133 0.749911 0.749911 1.489
0.747133 0.747133 0.747133 0.749911 0.749911 1.539
0.747133 0.747133 0.749911 0.749911 0.749911 1.576
0.747133 0.747133 0.749911 0.749911 0.749923 1.659
0.747133 0.747133 0.749923 0.749911 0.749923 1.689
0.747133 0.747133 0.749923 0.749923 0.749923 1.727
0.747133 0.749911 0.749923 0.749923 0.749923 1.753
0.747133 0.749923 0.749923 0.749923 0.749923 1.836
0.749923 0.749923 0.749923 0.749923 0.749923 1.924
0.749923 0.749923 0.75 0.749923 0.749923 2.272
0.75 0.749923 0.75 0.749923 0.749923 2.28
0.75 0.749923 0.75 0.749923 0.75 2.34
0.75 0.749923 0.75 0.75 0.75 2.362
0.75 0.75 0.75 0.75 0.75 2.464