0.066
0.067
0.068
0.07
0.08
0.081
0.082
0.083
0.084
0.089
0.09
0.092
0.093
0.095
0.096
0.097
0.098
0.099
0.1
0.101
0.102
0.103
0.104
0.105
0.106
0.108
0.109
0.11
0.111
0.112
0.113
0.114
0.115
0.116
0.117
0.118
0.12
0.122
0.123
0.124
0.126
0.127
0.128
0.129
0.13
0.131
0.132
0.133
0.134
0.135
0.136
0.137
0.138
0.14
0.141
0.143
0.144
0.145
0.146
0.148
0.149
0.151
0.152
0.153
0.154
0.155
0.156
0.157
0.158
0.159
0.16
0.161
0.162
0.163
0.164
0.165
0.166
0.168
0.169
0.17
0.171
0.173
0.174
0.175
0.177
0.179
0.18
0.181
0.183
0.185
0.186
0.187
0.189
0.19
0.191
0.192
0.193
0.194
0.195
0.196
0.197
0.198
0.199
0.2
0.201
0.202
0.203
0.205
0.206
0.207
0.208
0.209
0.21
0.211
0.213
0.214
0.215
0.216
0.217
0.218
0.219
0.22
0.221
0.222
0.223
0.224
0.225
0.226
0.227
0.228
0.229
0.23
0.231
0.232
0.233
0.234
0.235
0.237
0.238
0.239
0.24
0.242
0.243
0.245
0.246
0.247
0.248
0.249
0.25
0.251
0.253
0.254
0.255
0.256
0.257
0.258
0.26
0.261
0.262
0.263
0.264
0.265
0.266
0.267
0.268
0.269
0.27
0.271
0.272
0.273
0.274
0.275
0.276
0.277
0.278
0.279
0.28
0.281
0.282
0.283
0.284
0.285
0.286
0.287
0.288
0.289
0.291
0.292
0.293
0.294
0.295
0.296
0.297
0.298
0.299
0.3
0.301
0.302
0.303
0.304
0.305
0.306
0.307
0.308
0.309
0.31
0.311
0.312
0.313
0.314
0.315
0.316
0.317
0.318
0.319
0.32
0.321
0.322
0.323
0.324
0.325
0.326
0.327
0.328
0.329
0.33
0.331
0.332
0.333
0.334
0.335
0.336
0.337
0.338
0.339
0.34
0.341
0.342
0.343
0.344
0.345
0.346
0.347
0.348
0.349
0.35
0.351
0.352
0.353
0.354
0.355
0.356
0.357
0.358
0.359
0.36
0.361
0.362
0.363
0.364
0.365
0.366
0.367
0.368
0.369
0.37
0.371
0.372
0.373
0.374
0.375
0.376
0.377
0.378
0.379
0.381
0.382
0.383
0.384
0.385
0.386
0.387
0.388
0.389
0.39
0.391
0.392
0.393
0.394
0.395
0.396
0.397
0.398
0.399
0.4
0.401
0.402
0.403
0.404
0.405
0.406
0.407
0.408
0.409
0.41
0.411
0.412
0.413
0.414
0.416
0.418
0.419
0.42
0.421
0.422
0.423
0.424
0.426
0.427
0.428
0.429
0.43
0.431
0.432
0.433
0.434
0.435
0.436
0.437
0.438
0.439
0.44
0.441
0.442
0.443
0.444
0.445
0.446
0.447
0.448
0.449
0.45
0.451
0.452
0.453
0.454
0.455
0.457
0.458
0.459
0.46
0.461
0.462
0.463
0.464
0.466
0.467
0.472
0.473
0.474
0.477
0.478
0.479
0.482
0.484
0.485
0.487
0.488
0.489
0.49
0.491
0.492
0.493
0.494
0.495
0.496
0.498
0.499
0.5
0.501
0.502
0.503
0.504
0.505
0.506
0.507
0.509
0.511
0.512
0.513
0.514
0.515
0.516
0.517
0.518
0.519
0.522
0.524
0.525
0.526
0.527
0.528
0.529
0.53
0.531
0.532
0.533
0.536
0.537
0.539
0.54
0.541
0.542
0.543
0.545
0.546
0.547
0.551
0.552
0.553
0.554
0.555
0.556
0.557
0.558
0.56
0.561
0.565
0.566
0.567
0.569
0.571
0.573
0.574
0.577
0.578
0.579
0.58
0.581
0.582
0.583
0.586
0.587
0.588
0.589
0.59
0.591
0.592
0.593
0.594
0.595
0.596
0.597
0.598
0.599
0.6
0.601
0.602
0.603
0.604
0.605
0.606
0.607
0.608
0.609
0.61
0.611
0.612
0.613
0.614
0.617
0.619
0.62
0.621
0.623
0.624
0.625
0.626
0.628
0.629
0.63
0.631
0.632
0.633
0.634
0.635
0.636
0.637
0.639
0.64
0.641
0.643
0.644
0.646
0.647
0.651
0.652
0.653
0.654
0.656
0.657
0.658
0.66
0.661
0.663
0.664
0.666
0.669
0.67
0.673
0.674
0.675
0.676
0.679
0.681
0.682
0.683
0.684
0.685
0.686
0.689
0.69
0.692
0.693
0.694
0.695
0.698
0.699
0.7
0.701
0.703
0.704
0.705
0.706
0.707
0.71
0.712
0.715
0.717
0.72
0.721
0.723
0.725
0.726
0.731
0.732
0.733
0.734
0.735
0.736
0.737
0.738
0.743
0.744
0.745
0.749
0.75
0.752
0.755
0.756
0.757
0.758
0.759
0.762
0.763
0.764
0.765
0.766
0.768
0.769
0.771
0.772
0.774
0.776
0.777
0.778
0.78
0.781
0.782
0.783
0.784
0.785
0.787
0.788
0.789
0.79
0.791
0.792
0.793
0.794
0.797
0.798
0.799
0.801
0.802
0.803
0.805
0.806
0.807
0.809
0.81
0.811
0.813
0.814
0.815
0.816
0.817
0.818
0.819
0.821
0.823
0.825
0.826
0.827
0.828
0.829
0.833
0.834
0.836
0.838
0.839
0.841
0.842
0.844
0.847
0.848
0.851
0.855
0.856
0.858
0.859
0.861
0.864
0.865
0.868
0.869
0.87
0.871
0.873
0.874
0.875
0.878
0.879
0.88
0.881
0.882
0.884
0.885
0.886
0.887
0.888
0.889
0.892
0.893
0.894
0.895
0.897
0.899
0.902
0.903
0.905
0.908
0.909
0.91
0.911
0.913
0.914
0.917
0.92
0.921
0.926
0.928
0.93
0.931
0.932
0.933
0.935
0.937
0.94
0.941
0.942
0.943
0.944
0.946
0.948
0.95
0.951
0.953
0.954
0.957
0.959
0.961
0.963
0.965
0.966
0.968
0.969
0.97
0.971
0.972
0.973
0.974
0.976
0.979
0.98
0.983
0.986
0.988
0.989
0.991
0.993
0.997
0.998
1.001
1.007
1.01
1.012
1.014
1.016
1.019
1.023
1.026
1.027
1.028
1.032
1.034
1.035
1.036
1.038
1.044
1.048
1.051
1.053
1.057
1.06
1.063
1.068
1.076
1.08
1.081
1.084
1.086
1.087
1.089
1.092
1.095
1.096
1.097
1.098
1.1
1.101
1.102
1.103
1.109
1.11
1.112
1.113
1.114
1.115
1.123
1.124
1.127
1.129
1.131
1.132
1.133
1.135
1.136
1.142
1.146
1.147
1.149
1.151
1.153
1.155
1.158
1.159
1.163
1.166
1.173
1.177
1.179
1.18
1.182
1.183
1.187
1.191
1.192
1.194
1.198
1.201
1.203
1.205
1.206
1.207
1.215
1.216
1.217
1.221
1.226
1.229
1.232
1.233
1.236
1.24
1.245
1.247
1.248
1.255
1.257
1.258
1.259
1.261
1.262
1.267
1.268
1.269
1.271
1.279
1.28
1.281
1.282
1.284
1.287
1.293
1.294
1.295
1.301
1.302
1.308
1.31
1.314
1.316
1.317
1.318
1.319
1.325
1.326
1.334
1.335
1.337
1.338
1.342
1.345
1.347
1.353
1.355
1.358
1.359
1.361
1.362
1.367
1.369
1.371
1.372
1.376
1.378
1.379
1.382
1.389
1.39
1.391
1.396
1.4
1.404
1.414
1.415
1.423
1.437
1.442
1.444
1.445
1.446
1.45
1.451
1.459
1.46
1.462
1.463
1.465
1.467
1.47
1.475
1.476
1.477
1.479
1.481
1.484
1.486
1.49
1.492
1.499
1.503
1.508
1.511
1.514
1.516
1.52
1.526
1.528
1.529
1.53
1.536
1.538
1.539
1.542
1.543
1.544
1.546
1.547
1.549
1.552
1.553
1.554
1.555
1.556
1.559
1.56
1.561
1.564
1.565
1.567
1.568
1.57
1.572
1.574
1.575
1.577
1.581
1.582
1.586
1.588
1.589
1.593
1.594
1.596
1.599
1.601
1.606
1.607
1.612
1.614
1.615
1.616
1.617
1.622
1.623
1.625
1.627
1.63
1.634
1.635
1.64
1.642
1.644
1.645
1.646
1.652
1.653
1.658
1.659
1.663
1.664
1.665
1.666
1.667
1.669
1.671
1.672
1.675
1.676
1.678
1.682
1.684
1.685
1.687
1.688
1.689
1.69
1.691
1.693
1.695
1.697
1.701
1.702
1.704
1.705
1.706
1.707
1.708
1.711
1.712
1.716
1.717
1.718
1.72
1.722
1.724
1.725
1.727
1.73
1.731
1.732
1.733
1.737
1.738
1.74
1.742
1.744
1.746
1.747
1.75
1.753
1.755
1.757
1.758
1.76
1.761
1.762
1.764
1.766
1.769
1.771
1.772
1.775
1.776
1.777
1.786
1.787
1.789
1.79
1.792
1.795
1.798
1.799
1.801
1.804
1.806
1.809
1.815
1.817
1.818
1.822
1.824
1.83
1.831
1.832
1.835
1.836
1.838
1.839
1.841
1.846
1.849
1.852
1.854
1.855
1.861
1.866
1.867
1.869
1.872
1.875
1.879
1.881
1.89
1.896
1.899
1.9
1.903
1.908
1.916
1.919
1.921
1.924
1.928
1.93
1.934
1.937
1.938
1.944
1.945
1.949
1.95
1.951
1.952
1.953
1.959
1.96
1.962
1.965
1.973
1.974
1.976
1.978
1.979
1.982
1.983
1.985
1.986
1.987
1.988
1.989
1.999
2.001
2.003
2.004
2.005
2.006
2.015
2.018
2.025
2.027
2.029
2.03
2.031
2.032
2.036
2.038
2.039
2.043
2.044
2.053
2.054
2.056
2.057
2.058
2.063
2.066
2.068
2.069
2.072
2.077
2.078
2.08
2.083
2.085
2.087
2.091
2.094
2.095
2.096
2.098
2.099
2.1
2.102
2.104
2.106
2.11
2.117
2.118
2.119
2.12
2.121
2.122
2.124
2.126
2.128
2.129
2.131
2.134
2.136
2.137
2.142
2.144
2.146
2.148
2.152
2.153
2.157
2.16
2.161
2.162
2.174
2.176
2.177
2.179
2.18
2.184
2.185
2.187
2.19
2.191
2.192
2.193
2.194
2.205
2.207
2.208
2.21
2.211
2.212
2.216
2.218
2.219
2.221
2.224
2.231
2.233
2.235
2.239
2.246
2.25
2.251
2.261
2.266
2.269
2.27
2.273
2.274
2.281
2.286
2.287
2.289
2.292
2.295
2.297
2.299
2.308
2.31
2.317
2.324
2.331
2.332
2.336
2.338
2.341
2.345
2.347
2.349
2.35
2.351
2.36
2.369
2.38
2.382
2.385
2.386
2.396
2.401
2.407
2.417
2.429
2.437
2.444
2.453
2.461
2.468
2.474
2.488
2.491
2.496
2.499
2.518
2.534
2.54
2.552
2.56
2.579
2.599
2.645