5 3 1.985265
9 6 3.652833
5 3 1.985265
9 6 3.652833
5 3 1.985265
1 1 2.801916
5 3 1.985265
10 7 4.729132
5 3 1.985265
7 4 1.955270
5 3 1.985265
8 5 3.546707
5 3 1.985265
5 3 1.985265
2 2 1.298466
9 6 3.652833
0 1 1.310860
11 8 4.422448
5 3 1.985265
-1 -2 -2.000000
0 1 1.310860
10 7 4.729132
0 1 1.310860
11 8 4.422448
0 1 1.310860
-1 -2 -2.000000
5 3 1.985265
-1 -2 -2.000000
8 5 3.546707
-1 -2 -2.000000
5 3 1.985265
8 5 3.546707
5 3 1.985265
8 5 3.546707
5 3 1.985265
8 5 3.546707
0 1 1.310860
10 7 4.729132
0 1 1.310860
5 3 1.985265
7 4 1.955270
-1 -2 -2.000000
7 4 1.955270
-1 -2 -2.000000
5 3 1.985265
9 6 3.652833
0 1 1.310860
9 6 3.652833
0 1 1.310860
9 6 3.652833
5 3 1.985265
-1 -2 -2.000000
11 8 4.422448
10 7 4.729132
0 1 1.310860
-1 -2 -2.000000
5 3 1.985265
11 8 4.422448
0 1 1.310860
9 6 3.652833
2 2 1.298466
7 4 1.955270
2 2 1.298466
11 8 4.422448
5 3 1.985265
8 5 3.546707
0 1 1.310860
-1 -2 -2.000000
11 8 4.422448
8 5 3.546707
2 2 1.298466
-1 -2 -2.000000
2 2 1.298466
7 4 1.955270
2 2 1.298466
11 8 4.422448
2 2 1.298466
11 8 4.422448
-1 -2 -2.000000
11 8 4.422448
5 3 1.985265
-1 -2 -2.000000
2 2 1.298466
7 4 1.955270
0 1 1.310860
5 3 1.985265
0 1 1.310860
5 3 1.985265
0 1 1.310860
7 4 1.955270
2 2 1.298466
9 6 3.652833
3 2 2.905079
7 4 1.955270
0 1 1.310860
7 4 1.955270
2 2 1.298466
2 2 1.298466
10 7 4.729132
0 1 1.310860
9 6 3.652833
0 1 1.310860
0 1 1.310860
7 4 1.955270
5 3 1.985265
7 4 1.955270
0 1 1.310860
7 4 1.955270
5 3 1.985265
8 5 3.546707
2 2 1.298466
7 4 1.955270
2 2 1.298466
7 4 1.955270
3 2 2.905079
5 3 1.985265
0 1 1.310860
9 6 3.652833
0 1 1.310860
3 2 2.905079
5 3 1.985265
7 4 1.955270
3 2 2.905079
9 6 3.652833
2 2 1.298466
8 5 3.546707
0 1 1.310860
7 4 1.955270
0 1 1.310860
8 5 3.546707
3 2 2.905079
8 5 3.546707
2 2 1.298466
8 5 3.546707
7 4 1.955270
10 7 4.729132
0 1 1.310860
1 1 2.801916
5 3 1.985265
9 6 3.652833
0 1 1.310860
5 3 1.985265
1 1 2.801916
0 1 1.310860
1 1 2.801916
7 4 1.955270
0 1 1.310860
8 5 3.546707
0 1 1.310860
7 4 1.955270
0 1 1.310860
1 1 2.801916
4 2 1.659529
1 1 2.801916
0 1 1.310860
1 1 2.801916
4 2 1.659529
1 1 2.801916
6 3 2.484499
1 1 2.801916
0 1 1.310860
-1 -2 -2.000000
6 3 2.484499
11 8 4.422448
6 3 2.484499
10 7 4.729132
6 3 2.484499
7 4 1.955270
2 2 1.298466
-1 -2 -2.000000
0 1 1.310860
9 6 3.652833
0 1 1.310860
7 4 1.955270
2 2 1.298466
10 7 4.729132
0 1 1.310860
1 1 2.801916
5 3 1.985265
9 6 3.652833
5 3 1.985265
-1 -2 -2.000000
5 3 1.985265
10 7 4.729132
6 3 2.484499
-1 -2 -2.000000
11 8 4.422448
-1 -2 -2.000000
8 5 3.546707
8 5 3.546707
5 3 1.985265
7 4 1.955270
2 2 1.298466
9 6 3.652833
0 1 1.310860
8 5 3.546707
5 3 1.985265
9 6 3.652833
0 1 1.310860
8 5 3.546707
5 3 1.985265
10 7 4.729132
0 1 1.310860
10 7 4.729132
0 1 1.310860
11 8 4.422448
0 1 1.310860
7 4 1.955270
5 3 1.985265
10 7 4.729132
0 1 1.310860
7 4 1.955270
5 3 1.985265
8 5 3.546707
6 3 2.484499
-1 -2 -2.000000
2 2 1.298466
9 6 3.652833
2 2 1.298466
-1 -2 -2.000000
2 2 1.298466
-1 -2 -2.000000
2 2 1.298466
8 5 3.546707
2 2 1.298466
10 7 4.729132
4 2 1.659529
8 5 3.546707
2 2 1.298466
7 4 1.955270
0 1 1.310860
9 6 3.652833
0 1 1.310860
5 3 1.985265
5 3 1.985265
3 2 2.905079
0 1 1.310860
1 1 2.801916
0 1 1.310860
7 4 1.955270
0 1 1.310860
7 4 1.955270
0 1 1.310860
8 5 3.546707
0 1 1.310860
7 4 1.955270
0 1 1.310860
7 4 1.955270
4 2 1.659529
8 5 3.546707
4 2 1.659529
7 4 1.955270
4 2 1.659529
6 3 2.484499
6 3 2.484499
0 1 1.310860
0 1 1.310860
0 1 1.310860
0 1 1.310860
0 1 1.310860
2 2 1.298466
2 2 1.298466
2 2 1.298466
2 2 1.298466
2 2 1.298466
7 4 1.955270
3 2 2.905079
2 2 1.298466
0 1 1.310860
0 1 1.310860
3 2 2.905079
5 3 1.985265
0 1 1.310860
0 1 1.310860
0 1 1.310860
0 1 1.310860
3 2 2.905079
2 2 1.298466
2 2 1.298466
2 2 1.298466
2 2 1.298466
7 4 1.955270
4 2 1.659529
1 1 2.801916
3 2 2.905079
3 2 2.905079
0 1 1.310860
0 1 1.310860
0 1 1.310860
3 2 2.905079
0 1 1.310860
0 1 1.310860
0 1 1.310860
3 2 2.905079
0 1 1.310860
7 4 1.955270
7 4 1.955270
4 2 1.659529
4 2 1.659529
4 2 1.659529
4 2 1.659529
0 1 1.310860
0 1 1.310860
0 1 1.310860
3 2 2.905079
3 2 2.905079
7 4 1.955270
7 4 1.955270
4 2 1.659529
4 2 1.659529
4 2 1.659529
0 1 1.310860
5 3 1.985265
4 2 1.659529
4 2 1.659529
4 2 1.659529
0 1 1.310860
0 1 1.310860
0 1 1.310860
0 1 1.310860
0 1 1.310860
0 1 1.310860
3 2 2.905079
4 2 1.659529
4 2 1.659529
4 2 1.659529
6 3 2.484499
6 3 2.484499
0 1 1.310860
0 1 1.310860
0 1 1.310860
0 1 1.310860
0 1 1.310860
0 1 1.310860
0 1 1.310860
4 2 1.659529
4 2 1.659529
6 3 2.484499
6 3 2.484499
7 4 1.955270
0 1 1.310860
0 1 1.310860
0 1 1.310860
0 1 1.310860
5 3 1.985265
0 1 1.310860
0 1 1.310860
0 1 1.310860
0 1 1.310860
0 1 1.310860
